RESPOND_ID,EXAMIN_YM,SEXDSTN_FLAG_CD,AGRDE_FLAG_NM,ANSWRR_OC_AREA_NM,HSHLD_INCOME_DGREE_NM,WT3M_EXPR_LSR_CLTUR_VALUE,ONE_YEAR_WITHIN_EXPR_LSR_CLTUR_VALUE
53355425,202211,M,20대,강원도,300만원 미만,"문화예술 관람하기, 운동-스포츠 직접하기, 관광-여행, 오락-휴식, 사회교류","문화예술 관람하기, 운동-스포츠 직접하기, 관광-여행, 오락-휴식, 사회교류"
53350151,202211,M,20대,강원도,300만원 미만,"스포츠 관람하기, 오락-휴식, 자기계발-자기관리","스포츠 관람하기, 오락-휴식, 자기계발-자기관리"
53338964,202211,F,20대,강원도,300만원 미만,"문화예술 관람하기, 스포츠 관람하기, 관광-여행, 오락-휴식, 자기계발-자기관리, 사회교류","문화예술 관람하기, 스포츠 관람하기, 관광-여행, 오락-휴식, 자기계발-자기관리, 사회교류"
53326872,202211,M,30대,강원도,300만원 미만,"스포츠 관람하기, 운동-스포츠 직접하기, 관광-여행, 오락-휴식","문화예술 관람하기, 스포츠 관람하기, 운동-스포츠 직접하기, 관광-여행, 오락-휴식"
53349334,202211,M,30대,강원도,300만원 미만,"스포츠 관람하기, 관광-여행, 오락-휴식, 사회교류","문화예술 관람하기, 스포츠 관람하기, 운동-스포츠 직접하기, 관광-여행, 오락-휴식, 자기계발-자기관리, 사회교류"
53337398,202211,M,40대,강원도,300만원 미만,"문화예술 관람하기, 오락-휴식","문화예술 관람하기, 스포츠 관람하기, 오락-휴식"
53354235,202211,M,40대,강원도,300만원 미만,"운동-스포츠 직접하기, 관광-여행, 오락-휴식, 사회교류","운동-스포츠 직접하기, 관광-여행, 오락-휴식, 사회교류"
53348080,202211,F,40대,강원도,300만원 미만,"스포츠 관람하기, 오락-휴식","스포츠 관람하기, 오락-휴식, 자기계발-자기관리"
53346652,202211,F,50대,강원도,300만원 미만,"문화예술 직접하기, 자기계발-자기관리","문화예술 직접하기, 관광-여행, 자기계발-자기관리"
53359032,202211,F,50대,강원도,300만원 미만,오락-휴식,"스포츠 관람하기, 운동-스포츠 직접하기, 관광-여행, 오락-휴식"
53332910,202211,F,50대,강원도,300만원 미만,"문화예술 관람하기, 문화예술 직접하기, 운동-스포츠 직접하기, 자기계발-자기관리","문화예술 관람하기, 문화예술 직접하기, 스포츠 관람하기, 운동-스포츠 직접하기, 오락-휴식, 자기계발-자기관리"
53347603,202211,M,50대,강원도,300만원 미만,"문화예술 관람하기, 문화예술 직접하기, 운동-스포츠 직접하기, 관광-여행, 오락-휴식, 사회교류","문화예술 관람하기, 문화예술 직접하기, 스포츠 관람하기, 운동-스포츠 직접하기, 관광-여행, 오락-휴식, 사회교류"
53340226,202211,M,60대,강원도,300만원 미만,"문화예술 직접하기, 운동-스포츠 직접하기, 관광-여행, 오락-휴식, 사회교류","문화예술 직접하기, 운동-스포츠 직접하기, 관광-여행, 오락-휴식, 사회교류"
53326666,202211,M,60대,강원도,300만원 미만,"문화예술 관람하기, 운동-스포츠 직접하기, 관광-여행, 오락-휴식, 사회교류","문화예술 관람하기, 문화예술 직접하기, 스포츠 관람하기, 운동-스포츠 직접하기, 관광-여행, 오락-휴식, 사회교류"
53366400,202211,F,60대,강원도,300만원 미만,"문화예술 직접하기, 운동-스포츠 직접하기, 관광-여행, 오락-휴식","문화예술 직접하기, 운동-스포츠 직접하기, 관광-여행, 오락-휴식"
53374054,202211,F,60대,강원도,300만원 미만,"문화예술 관람하기, 운동-스포츠 직접하기, 관광-여행, 오락-휴식","문화예술 관람하기, 스포츠 관람하기, 운동-스포츠 직접하기, 관광-여행, 오락-휴식"
53365661,202211,F,60대,강원도,300만원 미만,"문화예술 관람하기, 운동-스포츠 직접하기, 관광-여행, 오락-휴식, 자기계발-자기관리, 사회교류","문화예술 관람하기, 운동-스포츠 직접하기, 관광-여행, 오락-휴식, 자기계발-자기관리, 사회교류"
53336490,202211,F,60대,강원도,300만원 미만,문화예술 관람하기,"문화예술 관람하기, 문화예술 직접하기, 관광-여행, 자기계발-자기관리"
53377142,202211,F,60대,강원도,300만원 미만,"문화예술 관람하기, 문화예술 직접하기, 운동-스포츠 직접하기, 관광-여행, 오락-휴식, 자기계발-자기관리, 사회교류","문화예술 관람하기, 문화예술 직접하기, 스포츠 관람하기, 운동-스포츠 직접하기, 관광-여행, 오락-휴식, 자기계발-자기관리, 사회교류"
53377523,202211,F,60대,강원도,300만원 미만,"문화예술 직접하기, 사회교류","문화예술 직접하기, 사회교류"
53351250,202211,M,50대,세종특별자치시,300만원 미만,"운동-스포츠 직접하기, 관광-여행","운동-스포츠 직접하기, 관광-여행"
53340093,202211,F,30대,세종특별자치시,300만원 미만,오락-휴식,오락-휴식
53325412,202211,F,30대,세종특별자치시,300만원 미만,"관광-여행, 오락-휴식, 자기계발-자기관리","문화예술 관람하기, 관광-여행, 오락-휴식, 자기계발-자기관리"
53340340,202211,M,20대,울산광역시,300만원 미만,"문화예술 관람하기, 스포츠 관람하기, 운동-스포츠 직접하기, 관광-여행, 오락-휴식, 자기계발-자기관리, 사회교류","문화예술 관람하기, 스포츠 관람하기, 운동-스포츠 직접하기, 관광-여행, 오락-휴식, 자기계발-자기관리, 사회교류"
53355509,202211,F,20대,울산광역시,300만원 미만,"관광-여행, 오락-휴식","관광-여행, 오락-휴식"
53369913,202211,F,30대,울산광역시,300만원 미만,"문화예술 관람하기, 관광-여행, 오락-휴식, 사회교류","문화예술 관람하기, 관광-여행, 오락-휴식, 사회교류"
53374609,202211,M,30대,울산광역시,300만원 미만,오락-휴식,"스포츠 관람하기, 오락-휴식"
53374134,202211,M,30대,울산광역시,300만원 미만,"문화예술 관람하기, 관광-여행, 사회교류","문화예술 관람하기, 관광-여행, 오락-휴식, 자기계발-자기관리, 사회교류"
53366130,202211,M,30대,울산광역시,300만원 미만,"오락-휴식, 자기계발-자기관리","오락-휴식, 자기계발-자기관리"
53376823,202211,M,30대,울산광역시,300만원 미만,"스포츠 관람하기, 오락-휴식, 사회교류","문화예술 관람하기, 스포츠 관람하기, 운동-스포츠 직접하기, 관광-여행, 오락-휴식, 사회교류"
53376709,202211,M,40대,울산광역시,300만원 미만,"스포츠 관람하기, 오락-휴식","스포츠 관람하기, 오락-휴식, 자기계발-자기관리"
53358404,202211,F,50대,울산광역시,300만원 미만,"문화예술 관람하기, 오락-휴식, 사회교류","문화예술 관람하기, 문화예술 직접하기, 오락-휴식, 사회교류"
53341427,202211,F,50대,울산광역시,300만원 미만,"문화예술 관람하기, 문화예술 직접하기, 오락-휴식, 자기계발-자기관리, 사회교류","문화예술 관람하기, 문화예술 직접하기, 오락-휴식, 자기계발-자기관리, 사회교류"
53349225,202211,M,50대,울산광역시,300만원 미만,"문화예술 관람하기, 스포츠 관람하기, 오락-휴식, 자기계발-자기관리, 사회교류","문화예술 관람하기, 스포츠 관람하기, 오락-휴식, 자기계발-자기관리, 사회교류"
53361091,202211,M,50대,울산광역시,300만원 미만,"스포츠 관람하기, 운동-스포츠 직접하기, 사회교류","스포츠 관람하기, 운동-스포츠 직접하기, 사회교류"
53357036,202211,M,60대,울산광역시,300만원 미만,"스포츠 관람하기, 운동-스포츠 직접하기, 오락-휴식, 사회교류","스포츠 관람하기, 운동-스포츠 직접하기, 오락-휴식, 사회교류"
53360013,202211,M,60대,울산광역시,300만원 미만,"운동-스포츠 직접하기, 관광-여행, 오락-휴식, 사회교류","문화예술 관람하기, 운동-스포츠 직접하기, 관광-여행, 오락-휴식, 사회교류"
53367812,202211,M,60대,울산광역시,300만원 미만,관광-여행,"문화예술 관람하기, 관광-여행"
53335989,202211,F,60대,울산광역시,300만원 미만,"운동-스포츠 직접하기, 오락-휴식, 사회교류","운동-스포츠 직접하기, 관광-여행, 오락-휴식, 사회교류"
53357673,202211,F,60대,인천광역시,300만원 미만,"운동-스포츠 직접하기, 자기계발-자기관리, 사회교류","스포츠 관람하기, 운동-스포츠 직접하기, 자기계발-자기관리, 사회교류"
53354840,202211,F,60대,인천광역시,300만원 미만,"스포츠 관람하기, 사회교류","스포츠 관람하기, 사회교류"
53336514,202211,F,60대,인천광역시,300만원 미만,"운동-스포츠 직접하기, 오락-휴식","문화예술 관람하기, 스포츠 관람하기, 운동-스포츠 직접하기, 오락-휴식, 사회교류"
53369829,202211,F,60대,인천광역시,300만원 미만,"문화예술 관람하기, 스포츠 관람하기, 운동-스포츠 직접하기, 오락-휴식, 사회교류","문화예술 관람하기, 스포츠 관람하기, 운동-스포츠 직접하기, 오락-휴식, 사회교류"
53348783,202211,F,60대,인천광역시,300만원 미만,"운동-스포츠 직접하기, 관광-여행, 사회교류","스포츠 관람하기, 운동-스포츠 직접하기, 관광-여행, 사회교류"
53369231,202211,F,60대,인천광역시,300만원 미만,오락-휴식,오락-휴식
53369066,202211,F,60대,인천광역시,300만원 미만,"문화예술 관람하기, 스포츠 관람하기, 운동-스포츠 직접하기, 관광-여행, 오락-휴식","문화예술 관람하기, 스포츠 관람하기, 운동-스포츠 직접하기, 관광-여행, 오락-휴식"
53366448,202211,M,60대,인천광역시,300만원 미만,"관광-여행, 자기계발-자기관리","스포츠 관람하기, 관광-여행, 자기계발-자기관리"
53367986,202211,M,60대,인천광역시,300만원 미만,"문화예술 관람하기, 문화예술 직접하기, 스포츠 관람하기, 운동-스포츠 직접하기, 관광-여행, 오락-휴식, 자기계발-자기관리, 사회교류","문화예술 관람하기, 문화예술 직접하기, 스포츠 관람하기, 운동-스포츠 직접하기, 관광-여행, 오락-휴식, 자기계발-자기관리, 사회교류"
53345753,202211,M,60대,인천광역시,300만원 미만,"문화예술 직접하기, 운동-스포츠 직접하기, 관광-여행, 오락-휴식","문화예술 직접하기, 운동-스포츠 직접하기, 관광-여행, 오락-휴식"
53326600,202211,M,60대,인천광역시,300만원 미만,"문화예술 관람하기, 운동-스포츠 직접하기, 관광-여행, 오락-휴식, 자기계발-자기관리, 사회교류","문화예술 관람하기, 운동-스포츠 직접하기, 관광-여행, 오락-휴식, 자기계발-자기관리, 사회교류"
53326793,202211,M,60대,인천광역시,300만원 미만,"문화예술 관람하기, 운동-스포츠 직접하기, 관광-여행, 오락-휴식, 자기계발-자기관리, 사회교류","문화예술 관람하기, 운동-스포츠 직접하기, 관광-여행, 오락-휴식, 자기계발-자기관리, 사회교류"
53336173,202211,M,60대,인천광역시,300만원 미만,"문화예술 관람하기, 스포츠 관람하기, 운동-스포츠 직접하기, 관광-여행, 오락-휴식, 사회교류","문화예술 관람하기, 스포츠 관람하기, 운동-스포츠 직접하기, 관광-여행, 오락-휴식, 사회교류"
53342717,202211,M,50대,인천광역시,300만원 미만,운동-스포츠 직접하기,"운동-스포츠 직접하기, 오락-휴식"
53341088,202211,M,50대,인천광역시,300만원 미만,"스포츠 관람하기, 운동-스포츠 직접하기, 자기계발-자기관리","스포츠 관람하기, 운동-스포츠 직접하기, 자기계발-자기관리"
53369005,202211,F,50대,인천광역시,300만원 미만,관광-여행,"스포츠 관람하기, 관광-여행"
53368897,202211,M,50대,인천광역시,300만원 미만,"문화예술 관람하기, 스포츠 관람하기, 운동-스포츠 직접하기, 관광-여행, 오락-휴식, 자기계발-자기관리, 사회교류","문화예술 관람하기, 스포츠 관람하기, 운동-스포츠 직접하기, 관광-여행, 오락-휴식, 자기계발-자기관리, 사회교류"
53342390,202211,M,50대,인천광역시,300만원 미만,관광-여행,관광-여행
53327485,202211,F,40대,인천광역시,300만원 미만,"문화예술 관람하기, 운동-스포츠 직접하기, 관광-여행, 오락-휴식, 자기계발-자기관리, 사회교류","문화예술 관람하기, 스포츠 관람하기, 운동-스포츠 직접하기, 관광-여행, 오락-휴식, 자기계발-자기관리, 사회교류"
53333240,202211,F,40대,인천광역시,300만원 미만,"문화예술 관람하기, 관광-여행, 오락-휴식, 사회교류","문화예술 관람하기, 관광-여행, 오락-휴식, 사회교류"
53338385,202211,M,40대,인천광역시,300만원 미만,"문화예술 관람하기, 오락-휴식, 자기계발-자기관리","문화예술 관람하기, 스포츠 관람하기, 오락-휴식, 자기계발-자기관리"
53351968,202211,M,30대,인천광역시,300만원 미만,문화예술 관람하기,"문화예술 관람하기, 관광-여행"
53328815,202211,M,30대,인천광역시,300만원 미만,"스포츠 관람하기, 오락-휴식, 자기계발-자기관리","문화예술 관람하기, 스포츠 관람하기, 관광-여행, 오락-휴식, 자기계발-자기관리"
53346254,202211,M,30대,인천광역시,300만원 미만,"관광-여행, 자기계발-자기관리","문화예술 관람하기, 관광-여행, 자기계발-자기관리"
53333386,202211,F,30대,인천광역시,300만원 미만,"문화예술 관람하기, 문화예술 직접하기, 스포츠 관람하기, 운동-스포츠 직접하기, 관광-여행, 오락-휴식, 자기계발-자기관리, 사회교류","문화예술 관람하기, 문화예술 직접하기, 스포츠 관람하기, 운동-스포츠 직접하기, 관광-여행, 오락-휴식, 자기계발-자기관리, 사회교류"
53334815,202211,F,30대,인천광역시,300만원 미만,관광-여행,"문화예술 직접하기, 관광-여행"
53339102,202211,F,30대,인천광역시,300만원 미만,"오락-휴식, 자기계발-자기관리, 사회교류","오락-휴식, 자기계발-자기관리, 사회교류"
53357778,202211,F,20대,인천광역시,300만원 미만,"문화예술 관람하기, 운동-스포츠 직접하기, 관광-여행, 오락-휴식, 자기계발-자기관리, 사회교류","문화예술 관람하기, 운동-스포츠 직접하기, 관광-여행, 오락-휴식, 자기계발-자기관리, 사회교류"
53332708,202211,F,20대,인천광역시,300만원 미만,"운동-스포츠 직접하기, 오락-휴식, 자기계발-자기관리, 사회교류","문화예술 관람하기, 운동-스포츠 직접하기, 관광-여행, 오락-휴식, 자기계발-자기관리, 사회교류"
53366445,202211,F,20대,인천광역시,300만원 미만,"문화예술 직접하기, 오락-휴식, 자기계발-자기관리, 사회교류","문화예술 관람하기, 문화예술 직접하기, 관광-여행, 오락-휴식, 자기계발-자기관리, 사회교류"
53358113,202211,F,20대,인천광역시,300만원 미만,"문화예술 관람하기, 문화예술 직접하기, 오락-휴식, 자기계발-자기관리","문화예술 관람하기, 문화예술 직접하기, 오락-휴식, 자기계발-자기관리"
53343492,202211,F,20대,인천광역시,300만원 미만,"문화예술 관람하기, 운동-스포츠 직접하기, 오락-휴식, 자기계발-자기관리","문화예술 관람하기, 운동-스포츠 직접하기, 오락-휴식, 자기계발-자기관리, 사회교류"
53325778,202211,M,20대,인천광역시,300만원 미만,"오락-휴식, 자기계발-자기관리, 사회교류","관광-여행, 오락-휴식, 자기계발-자기관리, 사회교류"
53341228,202211,M,20대,인천광역시,300만원 미만,"문화예술 관람하기, 운동-스포츠 직접하기, 오락-휴식","문화예술 관람하기, 운동-스포츠 직접하기, 오락-휴식, 자기계발-자기관리"
53333818,202211,M,20대,인천광역시,300만원 미만,"문화예술 관람하기, 관광-여행, 오락-휴식, 자기계발-자기관리","문화예술 관람하기, 관광-여행, 오락-휴식, 자기계발-자기관리"
53346428,202211,M,20대,인천광역시,300만원 미만,"운동-스포츠 직접하기, 오락-휴식, 자기계발-자기관리","운동-스포츠 직접하기, 오락-휴식, 자기계발-자기관리"
53373453,202211,M,20대,인천광역시,300만원 미만,"스포츠 관람하기, 운동-스포츠 직접하기, 관광-여행, 오락-휴식, 사회교류","스포츠 관람하기, 운동-스포츠 직접하기, 관광-여행, 오락-휴식, 사회교류"
53354072,202211,M,20대,인천광역시,300만원 미만,"운동-스포츠 직접하기, 관광-여행, 오락-휴식, 사회교류","문화예술 관람하기, 스포츠 관람하기, 운동-스포츠 직접하기, 관광-여행, 오락-휴식, 사회교류"
53349954,202211,F,20대,인천광역시,300만원 미만,"관광-여행, 오락-휴식, 자기계발-자기관리","문화예술 관람하기, 관광-여행, 오락-휴식, 자기계발-자기관리"
53370949,202211,F,20대,인천광역시,300만원 미만,"문화예술 관람하기, 운동-스포츠 직접하기, 오락-휴식, 자기계발-자기관리, 사회교류","문화예술 관람하기, 문화예술 직접하기, 스포츠 관람하기, 운동-스포츠 직접하기, 오락-휴식, 자기계발-자기관리, 사회교류"
53363428,202211,M,20대,인천광역시,300만원 미만,"운동-스포츠 직접하기, 관광-여행, 오락-휴식, 자기계발-자기관리, 사회교류","운동-스포츠 직접하기, 관광-여행, 오락-휴식, 자기계발-자기관리, 사회교류"
53341769,202211,F,20대,전라남도,300만원 미만,자기계발-자기관리,"문화예술 관람하기, 자기계발-자기관리"
53348692,202211,F,30대,전라남도,300만원 미만,"관광-여행, 오락-휴식","문화예술 관람하기, 관광-여행, 오락-휴식"
53326387,202211,F,30대,전라남도,300만원 미만,사회교류,"문화예술 관람하기, 문화예술 직접하기, 사회교류"
53327564,202211,F,20대,전라남도,300만원 미만,"관광-여행, 오락-휴식","관광-여행, 오락-휴식"
53330774,202211,M,30대,전라남도,300만원 미만,"문화예술 관람하기, 스포츠 관람하기, 운동-스포츠 직접하기, 관광-여행, 오락-휴식, 자기계발-자기관리","문화예술 관람하기, 스포츠 관람하기, 운동-스포츠 직접하기, 관광-여행, 오락-휴식, 자기계발-자기관리"
53365020,202211,M,40대,전라남도,300만원 미만,"운동-스포츠 직접하기, 오락-휴식","운동-스포츠 직접하기, 오락-휴식"
53373540,202211,M,30대,전라남도,300만원 미만,"문화예술 관람하기, 운동-스포츠 직접하기, 관광-여행, 오락-휴식, 사회교류","문화예술 관람하기, 운동-스포츠 직접하기, 관광-여행, 오락-휴식, 자기계발-자기관리, 사회교류"
53358364,202211,M,30대,전라남도,300만원 미만,문화예술 직접하기,"문화예술 직접하기, 사회교류"
53339886,202211,M,40대,전라남도,300만원 미만,"운동-스포츠 직접하기, 자기계발-자기관리","운동-스포츠 직접하기, 자기계발-자기관리"
53334957,202211,F,40대,전라남도,300만원 미만,"운동-스포츠 직접하기, 오락-휴식, 자기계발-자기관리","운동-스포츠 직접하기, 오락-휴식, 자기계발-자기관리"
53349178,202211,F,40대,전라남도,300만원 미만,자기계발-자기관리,"문화예술 관람하기, 문화예술 직접하기, 자기계발-자기관리"
53371634,202211,F,50대,전라남도,300만원 미만,"문화예술 관람하기, 문화예술 직접하기, 관광-여행, 오락-휴식, 자기계발-자기관리, 사회교류","문화예술 관람하기, 문화예술 직접하기, 스포츠 관람하기, 관광-여행, 오락-휴식, 자기계발-자기관리, 사회교류"
53340239,202211,F,50대,전라남도,300만원 미만,사회교류,"문화예술 직접하기, 사회교류"
53346989,202211,M,60대,전라남도,300만원 미만,"운동-스포츠 직접하기, 오락-휴식","운동-스포츠 직접하기, 오락-휴식"
53351646,202211,M,60대,전라남도,300만원 미만,"운동-스포츠 직접하기, 자기계발-자기관리","운동-스포츠 직접하기, 자기계발-자기관리"
53365829,202211,M,60대,전라남도,300만원 미만,"스포츠 관람하기, 운동-스포츠 직접하기, 관광-여행, 오락-휴식","스포츠 관람하기, 운동-스포츠 직접하기, 관광-여행, 오락-휴식"
53363830,202211,F,60대,전라남도,300만원 미만,"운동-스포츠 직접하기, 오락-휴식","운동-스포츠 직접하기, 오락-휴식"
53361061,202211,M,60대,전라남도,300만원 미만,"문화예술 관람하기, 스포츠 관람하기, 관광-여행, 오락-휴식","문화예술 관람하기, 스포츠 관람하기, 관광-여행, 오락-휴식"
53367576,202211,M,60대,전라남도,300만원 미만,"운동-스포츠 직접하기, 사회교류","문화예술 관람하기, 운동-스포츠 직접하기, 자기계발-자기관리, 사회교류"
53342267,202211,F,60대,전라남도,300만원 미만,"운동-스포츠 직접하기, 관광-여행, 사회교류","운동-스포츠 직접하기, 관광-여행, 사회교류"
53376671,202211,F,60대,전라남도,300만원 미만,"관광-여행, 오락-휴식","관광-여행, 오락-휴식"
53340719,202211,F,60대,전라남도,300만원 미만,"문화예술 관람하기, 자기계발-자기관리","문화예술 관람하기, 자기계발-자기관리"
53357920,202211,F,60대,전라남도,300만원 미만,"스포츠 관람하기, 관광-여행, 사회교류","스포츠 관람하기, 관광-여행, 사회교류"
53327369,202211,M,60대,전라북도,300만원 미만,"문화예술 관람하기, 스포츠 관람하기, 관광-여행, 오락-휴식, 사회교류","문화예술 관람하기, 스포츠 관람하기, 운동-스포츠 직접하기, 관광-여행, 오락-휴식, 사회교류"
53377054,202211,F,60대,전라북도,300만원 미만,"문화예술 관람하기, 운동-스포츠 직접하기, 관광-여행, 사회교류","문화예술 관람하기, 운동-스포츠 직접하기, 관광-여행, 사회교류"
53354873,202211,F,60대,전라북도,300만원 미만,"운동-스포츠 직접하기, 관광-여행, 사회교류","운동-스포츠 직접하기, 관광-여행, 사회교류"
53358289,202211,M,60대,전라북도,300만원 미만,스포츠 관람하기,"스포츠 관람하기, 자기계발-자기관리"
53367704,202211,M,60대,전라북도,300만원 미만,"문화예술 직접하기, 오락-휴식, 사회교류","문화예술 직접하기, 오락-휴식, 사회교류"
53362074,202211,F,40대,전라북도,300만원 미만,"문화예술 직접하기, 자기계발-자기관리","문화예술 직접하기, 관광-여행, 자기계발-자기관리"
53353943,202211,M,40대,전라북도,300만원 미만,"스포츠 관람하기, 오락-휴식","스포츠 관람하기, 운동-스포츠 직접하기, 오락-휴식"
53370223,202211,M,40대,전라북도,300만원 미만,운동-스포츠 직접하기,"운동-스포츠 직접하기, 자기계발-자기관리"
53343027,202211,M,40대,전라북도,300만원 미만,오락-휴식,"운동-스포츠 직접하기, 오락-휴식"
53356190,202211,M,30대,전라북도,300만원 미만,오락-휴식,"문화예술 관람하기, 오락-휴식"
53367108,202211,M,30대,전라북도,300만원 미만,"스포츠 관람하기, 운동-스포츠 직접하기, 자기계발-자기관리","스포츠 관람하기, 운동-스포츠 직접하기, 자기계발-자기관리"
53344301,202211,M,30대,전라북도,300만원 미만,스포츠 관람하기,"문화예술 관람하기, 문화예술 직접하기, 스포츠 관람하기, 관광-여행, 오락-휴식, 사회교류"
53334861,202211,F,30대,전라북도,300만원 미만,"문화예술 관람하기, 운동-스포츠 직접하기, 관광-여행, 오락-휴식","문화예술 관람하기, 운동-스포츠 직접하기, 관광-여행, 오락-휴식, 자기계발-자기관리"
53363078,202211,F,20대,전라북도,300만원 미만,"문화예술 관람하기, 운동-스포츠 직접하기, 오락-휴식","문화예술 관람하기, 운동-스포츠 직접하기, 오락-휴식"
53357474,202211,F,30대,전라북도,300만원 미만,문화예술 직접하기,"문화예술 직접하기, 자기계발-자기관리"
53345937,202211,M,20대,전라북도,300만원 미만,"문화예술 관람하기, 스포츠 관람하기, 운동-스포츠 직접하기, 관광-여행, 오락-휴식","문화예술 관람하기, 문화예술 직접하기, 스포츠 관람하기, 운동-스포츠 직접하기, 관광-여행, 오락-휴식"
53349796,202211,M,20대,전라북도,300만원 미만,"운동-스포츠 직접하기, 관광-여행, 오락-휴식, 자기계발-자기관리","운동-스포츠 직접하기, 관광-여행, 오락-휴식, 자기계발-자기관리"
53335830,202211,F,20대,전라북도,300만원 미만,"문화예술 관람하기, 사회교류","문화예술 관람하기, 관광-여행, 오락-휴식, 자기계발-자기관리, 사회교류"
53360969,202211,M,20대,전라북도,300만원 미만,"문화예술 관람하기, 문화예술 직접하기, 운동-스포츠 직접하기, 관광-여행, 오락-휴식, 자기계발-자기관리, 사회교류","문화예술 관람하기, 문화예술 직접하기, 운동-스포츠 직접하기, 관광-여행, 오락-휴식, 자기계발-자기관리, 사회교류"
53326884,202211,M,20대,제주특별자치도,300만원 미만,"문화예술 관람하기, 스포츠 관람하기, 운동-스포츠 직접하기, 관광-여행, 오락-휴식, 자기계발-자기관리","문화예술 관람하기, 스포츠 관람하기, 운동-스포츠 직접하기, 관광-여행, 오락-휴식, 자기계발-자기관리, 사회교류"
53343449,202211,M,20대,제주특별자치도,300만원 미만,"스포츠 관람하기, 운동-스포츠 직접하기, 오락-휴식","스포츠 관람하기, 운동-스포츠 직접하기, 오락-휴식"
53348331,202211,F,30대,제주특별자치도,300만원 미만,문화예술 관람하기,"문화예술 관람하기, 자기계발-자기관리"
53328151,202211,F,30대,제주특별자치도,300만원 미만,"문화예술 관람하기, 운동-스포츠 직접하기, 관광-여행, 오락-휴식, 자기계발-자기관리","문화예술 관람하기, 문화예술 직접하기, 운동-스포츠 직접하기, 관광-여행, 오락-휴식, 자기계발-자기관리"
53355164,202211,M,30대,제주특별자치도,300만원 미만,"문화예술 관람하기, 스포츠 관람하기, 운동-스포츠 직접하기, 관광-여행, 오락-휴식, 자기계발-자기관리, 사회교류","문화예술 관람하기, 스포츠 관람하기, 운동-스포츠 직접하기, 관광-여행, 오락-휴식, 자기계발-자기관리, 사회교류"
53351761,202211,M,40대,제주특별자치도,300만원 미만,"스포츠 관람하기, 운동-스포츠 직접하기, 관광-여행, 오락-휴식, 사회교류","스포츠 관람하기, 운동-스포츠 직접하기, 관광-여행, 오락-휴식, 사회교류"
53343016,202211,M,40대,제주특별자치도,300만원 미만,"관광-여행, 오락-휴식","관광-여행, 오락-휴식"
53325527,202211,F,40대,제주특별자치도,300만원 미만,"문화예술 관람하기, 문화예술 직접하기, 스포츠 관람하기, 운동-스포츠 직접하기, 관광-여행, 오락-휴식, 자기계발-자기관리, 사회교류","문화예술 관람하기, 문화예술 직접하기, 스포츠 관람하기, 운동-스포츠 직접하기, 관광-여행, 오락-휴식, 자기계발-자기관리, 사회교류"
53351861,202211,F,50대,제주특별자치도,300만원 미만,"운동-스포츠 직접하기, 자기계발-자기관리, 사회교류","운동-스포츠 직접하기, 자기계발-자기관리, 사회교류"
53343929,202211,M,50대,제주특별자치도,300만원 미만,운동-스포츠 직접하기,"운동-스포츠 직접하기, 관광-여행"
53353742,202211,M,60대,제주특별자치도,300만원 미만,"스포츠 관람하기, 운동-스포츠 직접하기, 관광-여행, 오락-휴식","스포츠 관람하기, 운동-스포츠 직접하기, 관광-여행, 오락-휴식"
53364992,202211,F,60대,충청남도,300만원 미만,자기계발-자기관리,"문화예술 직접하기, 자기계발-자기관리"
53349200,202211,M,60대,충청남도,300만원 미만,"문화예술 직접하기, 사회교류","문화예술 직접하기, 사회교류"
53376511,202211,M,60대,충청남도,300만원 미만,"문화예술 관람하기, 관광-여행, 자기계발-자기관리","문화예술 관람하기, 운동-스포츠 직접하기, 관광-여행, 자기계발-자기관리"
53331536,202211,M,60대,충청남도,300만원 미만,"관광-여행, 오락-휴식, 자기계발-자기관리, 사회교류","관광-여행, 오락-휴식, 자기계발-자기관리, 사회교류"
53333480,202211,M,50대,충청남도,300만원 미만,오락-휴식,"관광-여행, 오락-휴식"
53367905,202211,M,60대,충청남도,300만원 미만,"운동-스포츠 직접하기, 오락-휴식, 사회교류","운동-스포츠 직접하기, 오락-휴식, 사회교류"
53341869,202211,M,60대,충청남도,300만원 미만,사회교류,"문화예술 관람하기, 사회교류"
53339996,202211,M,60대,충청남도,300만원 미만,"문화예술 직접하기, 운동-스포츠 직접하기, 관광-여행, 오락-휴식","문화예술 직접하기, 운동-스포츠 직접하기, 관광-여행, 오락-휴식"
53341194,202211,M,60대,충청남도,300만원 미만,"문화예술 관람하기, 스포츠 관람하기, 관광-여행, 오락-휴식, 사회교류","문화예술 관람하기, 스포츠 관람하기, 관광-여행, 오락-휴식, 사회교류"
53368706,202211,F,50대,충청남도,300만원 미만,"문화예술 관람하기, 운동-스포츠 직접하기, 관광-여행, 오락-휴식, 사회교류","문화예술 관람하기, 운동-스포츠 직접하기, 관광-여행, 오락-휴식, 사회교류"
53348722,202211,F,50대,충청남도,300만원 미만,"관광-여행, 오락-휴식, 자기계발-자기관리, 사회교류","문화예술 관람하기, 문화예술 직접하기, 운동-스포츠 직접하기, 관광-여행, 오락-휴식, 자기계발-자기관리, 사회교류"
53327187,202211,F,50대,충청남도,300만원 미만,"문화예술 관람하기, 스포츠 관람하기, 운동-스포츠 직접하기, 관광-여행, 오락-휴식, 자기계발-자기관리, 사회교류","문화예술 관람하기, 스포츠 관람하기, 운동-스포츠 직접하기, 관광-여행, 오락-휴식, 자기계발-자기관리, 사회교류"
53360613,202211,F,50대,충청남도,300만원 미만,"스포츠 관람하기, 오락-휴식","문화예술 관람하기, 스포츠 관람하기, 관광-여행, 오락-휴식"
53337886,202211,F,40대,충청남도,300만원 미만,오락-휴식,"문화예술 관람하기, 오락-휴식"
53356337,202211,F,40대,충청남도,300만원 미만,"문화예술 직접하기, 운동-스포츠 직접하기, 오락-휴식, 자기계발-자기관리, 사회교류","문화예술 관람하기, 문화예술 직접하기, 운동-스포츠 직접하기, 오락-휴식, 자기계발-자기관리, 사회교류"
53368838,202211,F,40대,충청남도,300만원 미만,"관광-여행, 오락-휴식, 자기계발-자기관리, 사회교류","문화예술 관람하기, 문화예술 직접하기, 관광-여행, 오락-휴식, 자기계발-자기관리, 사회교류"
53366756,202211,M,40대,충청남도,300만원 미만,"운동-스포츠 직접하기, 오락-휴식","운동-스포츠 직접하기, 관광-여행, 오락-휴식"
53338712,202211,F,40대,충청남도,300만원 미만,"문화예술 관람하기, 오락-휴식, 자기계발-자기관리, 사회교류","문화예술 관람하기, 문화예술 직접하기, 스포츠 관람하기, 관광-여행, 오락-휴식, 자기계발-자기관리, 사회교류"
53354465,202211,M,30대,충청남도,300만원 미만,사회교류,사회교류
53352537,202211,M,30대,충청남도,300만원 미만,"운동-스포츠 직접하기, 오락-휴식","운동-스포츠 직접하기, 오락-휴식"
53357501,202211,F,30대,충청남도,300만원 미만,"문화예술 관람하기, 운동-스포츠 직접하기, 관광-여행, 오락-휴식, 사회교류","문화예술 관람하기, 운동-스포츠 직접하기, 관광-여행, 오락-휴식, 사회교류"
53360514,202211,M,30대,충청남도,300만원 미만,"운동-스포츠 직접하기, 관광-여행, 오락-휴식, 자기계발-자기관리","문화예술 직접하기, 운동-스포츠 직접하기, 관광-여행, 오락-휴식, 자기계발-자기관리, 사회교류"
53331633,202211,M,30대,충청남도,300만원 미만,"운동-스포츠 직접하기, 자기계발-자기관리, 사회교류","운동-스포츠 직접하기, 자기계발-자기관리, 사회교류"
53364033,202211,F,30대,충청남도,300만원 미만,"문화예술 관람하기, 운동-스포츠 직접하기, 관광-여행, 오락-휴식, 자기계발-자기관리, 사회교류","문화예술 관람하기, 문화예술 직접하기, 운동-스포츠 직접하기, 관광-여행, 오락-휴식, 자기계발-자기관리, 사회교류"
53357128,202211,F,30대,충청남도,300만원 미만,"운동-스포츠 직접하기, 관광-여행, 오락-휴식, 자기계발-자기관리, 사회교류","운동-스포츠 직접하기, 관광-여행, 오락-휴식, 자기계발-자기관리, 사회교류"
53328204,202211,F,20대,충청남도,300만원 미만,"문화예술 관람하기, 문화예술 직접하기, 스포츠 관람하기, 운동-스포츠 직접하기, 관광-여행, 오락-휴식, 사회교류","문화예술 관람하기, 문화예술 직접하기, 스포츠 관람하기, 운동-스포츠 직접하기, 관광-여행, 오락-휴식, 자기계발-자기관리, 사회교류"
53334551,202211,F,20대,충청남도,300만원 미만,"문화예술 관람하기, 운동-스포츠 직접하기, 관광-여행, 오락-휴식, 자기계발-자기관리, 사회교류","문화예술 관람하기, 문화예술 직접하기, 스포츠 관람하기, 운동-스포츠 직접하기, 관광-여행, 오락-휴식, 자기계발-자기관리, 사회교류"
53356821,202211,F,20대,충청남도,300만원 미만,"문화예술 직접하기, 오락-휴식","문화예술 직접하기, 관광-여행, 오락-휴식, 자기계발-자기관리, 사회교류"
53359730,202211,F,20대,충청남도,300만원 미만,"문화예술 관람하기, 관광-여행, 오락-휴식, 사회교류","문화예술 관람하기, 관광-여행, 오락-휴식, 사회교류"
53375021,202211,F,20대,충청남도,300만원 미만,"문화예술 관람하기, 관광-여행, 사회교류","문화예술 관람하기, 관광-여행, 사회교류"
53367836,202211,F,20대,충청남도,300만원 미만,"오락-휴식, 자기계발-자기관리, 사회교류","스포츠 관람하기, 관광-여행, 오락-휴식, 자기계발-자기관리, 사회교류"
53369425,202211,M,20대,충청남도,300만원 미만,"문화예술 관람하기, 스포츠 관람하기, 운동-스포츠 직접하기, 오락-휴식, 사회교류","문화예술 관람하기, 문화예술 직접하기, 스포츠 관람하기, 운동-스포츠 직접하기, 오락-휴식, 사회교류"
53339632,202211,M,20대,충청남도,300만원 미만,"문화예술 관람하기, 운동-스포츠 직접하기, 관광-여행, 오락-휴식, 사회교류","문화예술 관람하기, 운동-스포츠 직접하기, 관광-여행, 오락-휴식, 사회교류"
53352485,202211,M,20대,충청남도,300만원 미만,"문화예술 관람하기, 운동-스포츠 직접하기, 관광-여행, 오락-휴식, 자기계발-자기관리","문화예술 관람하기, 운동-스포츠 직접하기, 관광-여행, 오락-휴식, 자기계발-자기관리"
53374243,202211,M,20대,충청남도,300만원 미만,문화예술 관람하기,"문화예술 관람하기, 사회교류"
53348225,202211,M,20대,충청남도,300만원 미만,"스포츠 관람하기, 관광-여행, 오락-휴식, 사회교류","스포츠 관람하기, 관광-여행, 오락-휴식, 사회교류"
53343877,202211,M,20대,충청북도,300만원 미만,관광-여행,관광-여행
53364333,202211,M,20대,충청남도,300만원 미만,"문화예술 관람하기, 스포츠 관람하기, 운동-스포츠 직접하기, 관광-여행, 오락-휴식, 자기계발-자기관리, 사회교류","문화예술 관람하기, 스포츠 관람하기, 운동-스포츠 직접하기, 관광-여행, 오락-휴식, 자기계발-자기관리, 사회교류"
53347502,202211,M,20대,충청북도,300만원 미만,오락-휴식,오락-휴식
53343242,202211,M,20대,충청북도,300만원 미만,"운동-스포츠 직접하기, 오락-휴식, 사회교류","운동-스포츠 직접하기, 관광-여행, 오락-휴식, 사회교류"
53375097,202211,M,20대,충청북도,300만원 미만,오락-휴식,"스포츠 관람하기, 오락-휴식"
53333341,202211,M,20대,충청북도,300만원 미만,"관광-여행, 오락-휴식, 사회교류","관광-여행, 오락-휴식, 사회교류"
53361578,202211,F,20대,충청북도,300만원 미만,"문화예술 관람하기, 관광-여행, 오락-휴식, 사회교류","문화예술 관람하기, 관광-여행, 오락-휴식, 사회교류"
53359253,202211,M,30대,충청북도,300만원 미만,오락-휴식,오락-휴식
53371242,202211,M,40대,충청북도,300만원 미만,"문화예술 관람하기, 운동-스포츠 직접하기, 관광-여행, 오락-휴식, 자기계발-자기관리","문화예술 관람하기, 운동-스포츠 직접하기, 관광-여행, 오락-휴식, 자기계발-자기관리, 사회교류"
53349872,202211,M,40대,충청북도,300만원 미만,"문화예술 관람하기, 스포츠 관람하기, 오락-휴식, 자기계발-자기관리","문화예술 관람하기, 스포츠 관람하기, 오락-휴식, 자기계발-자기관리"
53349829,202211,F,40대,충청북도,300만원 미만,"운동-스포츠 직접하기, 오락-휴식, 사회교류","운동-스포츠 직접하기, 오락-휴식, 사회교류"
53338970,202211,M,40대,충청북도,300만원 미만,"운동-스포츠 직접하기, 오락-휴식, 자기계발-자기관리","운동-스포츠 직접하기, 오락-휴식, 자기계발-자기관리"
53373337,202211,M,40대,충청북도,300만원 미만,"관광-여행, 오락-휴식","스포츠 관람하기, 관광-여행, 오락-휴식"
53348277,202211,F,40대,충청북도,300만원 미만,"문화예술 관람하기, 관광-여행, 오락-휴식, 자기계발-자기관리","문화예술 관람하기, 관광-여행, 오락-휴식, 자기계발-자기관리"
53340630,202211,F,40대,충청북도,300만원 미만,"문화예술 관람하기, 문화예술 직접하기, 관광-여행, 오락-휴식, 자기계발-자기관리, 사회교류","문화예술 관람하기, 문화예술 직접하기, 관광-여행, 오락-휴식, 자기계발-자기관리, 사회교류"
53327164,202211,F,50대,충청북도,300만원 미만,"운동-스포츠 직접하기, 관광-여행, 사회교류","운동-스포츠 직접하기, 관광-여행, 사회교류"
53345371,202211,F,50대,충청북도,300만원 미만,관광-여행,"스포츠 관람하기, 관광-여행"
53327863,202211,M,50대,충청북도,300만원 미만,"오락-휴식, 사회교류","오락-휴식, 사회교류"
53351428,202211,M,50대,충청북도,300만원 미만,"운동-스포츠 직접하기, 관광-여행","운동-스포츠 직접하기, 관광-여행"
53339329,202211,M,60대,충청북도,300만원 미만,"운동-스포츠 직접하기, 관광-여행, 오락-휴식, 자기계발-자기관리, 사회교류","운동-스포츠 직접하기, 관광-여행, 오락-휴식, 자기계발-자기관리, 사회교류"
53351557,202211,M,60대,충청북도,300만원 미만,사회교류,사회교류
53328765,202211,M,50대,충청북도,300만원 미만,"스포츠 관람하기, 운동-스포츠 직접하기, 관광-여행, 오락-휴식, 자기계발-자기관리","문화예술 직접하기, 스포츠 관람하기, 운동-스포츠 직접하기, 관광-여행, 오락-휴식, 자기계발-자기관리"
53367152,202211,F,60대,충청북도,300만원 미만,"문화예술 관람하기, 문화예술 직접하기, 운동-스포츠 직접하기, 관광-여행, 오락-휴식","문화예술 관람하기, 문화예술 직접하기, 운동-스포츠 직접하기, 관광-여행, 오락-휴식"
53335244,202211,F,60대,충청북도,300만원 미만,"운동-스포츠 직접하기, 오락-휴식, 자기계발-자기관리, 사회교류","운동-스포츠 직접하기, 오락-휴식, 자기계발-자기관리, 사회교류"
53359935,202211,F,60대,충청북도,300만원 미만,"운동-스포츠 직접하기, 관광-여행","운동-스포츠 직접하기, 관광-여행"
53348718,202211,F,60대,충청북도,300만원 미만,"문화예술 직접하기, 관광-여행, 사회교류","문화예술 관람하기, 문화예술 직접하기, 관광-여행, 사회교류"
53350608,202211,F,60대,경기도,300만원 미만,"문화예술 관람하기, 문화예술 직접하기, 스포츠 관람하기, 운동-스포츠 직접하기, 관광-여행, 오락-휴식, 사회교류","문화예술 관람하기, 문화예술 직접하기, 스포츠 관람하기, 운동-스포츠 직접하기, 관광-여행, 오락-휴식, 자기계발-자기관리, 사회교류"
53352566,202211,F,60대,경기도,300만원 미만,"문화예술 관람하기, 관광-여행, 오락-휴식","문화예술 관람하기, 문화예술 직접하기, 스포츠 관람하기, 운동-스포츠 직접하기, 관광-여행, 오락-휴식"
53354904,202211,F,60대,경기도,300만원 미만,"문화예술 관람하기, 운동-스포츠 직접하기, 오락-휴식, 자기계발-자기관리, 사회교류","문화예술 관람하기, 운동-스포츠 직접하기, 오락-휴식, 자기계발-자기관리, 사회교류"
53349023,202211,F,60대,경기도,300만원 미만,"스포츠 관람하기, 오락-휴식, 자기계발-자기관리","문화예술 관람하기, 스포츠 관람하기, 오락-휴식, 자기계발-자기관리"
53336497,202211,F,60대,경기도,300만원 미만,"문화예술 관람하기, 스포츠 관람하기, 운동-스포츠 직접하기, 관광-여행, 오락-휴식","문화예술 관람하기, 스포츠 관람하기, 운동-스포츠 직접하기, 관광-여행, 오락-휴식"
53324884,202211,F,60대,경기도,300만원 미만,"문화예술 관람하기, 문화예술 직접하기, 관광-여행, 자기계발-자기관리, 사회교류","문화예술 관람하기, 문화예술 직접하기, 관광-여행, 자기계발-자기관리, 사회교류"
53339378,202211,F,60대,경기도,300만원 미만,관광-여행,관광-여행
53350470,202211,F,60대,경기도,300만원 미만,"문화예술 관람하기, 운동-스포츠 직접하기, 관광-여행, 오락-휴식, 자기계발-자기관리, 사회교류","문화예술 관람하기, 운동-스포츠 직접하기, 관광-여행, 오락-휴식, 자기계발-자기관리, 사회교류"
53350650,202211,F,60대,경기도,300만원 미만,"문화예술 관람하기, 관광-여행, 자기계발-자기관리","문화예술 관람하기, 관광-여행, 자기계발-자기관리"
53370029,202211,F,60대,경기도,300만원 미만,문화예술 관람하기,"문화예술 관람하기, 자기계발-자기관리, 사회교류"
53336824,202211,F,60대,경기도,300만원 미만,관광-여행,관광-여행
53349819,202211,F,60대,경기도,300만원 미만,"오락-휴식, 자기계발-자기관리","문화예술 관람하기, 오락-휴식, 자기계발-자기관리"
53341860,202211,M,60대,경기도,300만원 미만,"오락-휴식, 사회교류","오락-휴식, 사회교류"
53361232,202211,M,60대,경기도,300만원 미만,"문화예술 관람하기, 스포츠 관람하기, 오락-휴식, 자기계발-자기관리, 사회교류","문화예술 관람하기, 스포츠 관람하기, 오락-휴식, 자기계발-자기관리, 사회교류"
53370921,202211,F,60대,경기도,300만원 미만,"스포츠 관람하기, 자기계발-자기관리, 사회교류","스포츠 관람하기, 자기계발-자기관리, 사회교류"
53356995,202211,F,60대,경기도,300만원 미만,"운동-스포츠 직접하기, 오락-휴식","운동-스포츠 직접하기, 오락-휴식"
53355315,202211,F,60대,경기도,300만원 미만,"운동-스포츠 직접하기, 오락-휴식, 자기계발-자기관리","문화예술 관람하기, 운동-스포츠 직접하기, 관광-여행, 오락-휴식, 자기계발-자기관리"
53359766,202211,F,60대,경기도,300만원 미만,"운동-스포츠 직접하기, 관광-여행","운동-스포츠 직접하기, 관광-여행"
53339277,202211,F,60대,경기도,300만원 미만,"문화예술 관람하기, 문화예술 직접하기, 스포츠 관람하기, 관광-여행, 오락-휴식, 사회교류","문화예술 관람하기, 문화예술 직접하기, 스포츠 관람하기, 관광-여행, 오락-휴식, 사회교류"
53335112,202211,M,60대,경기도,300만원 미만,"운동-스포츠 직접하기, 사회교류","문화예술 관람하기, 운동-스포츠 직접하기, 관광-여행, 사회교류"
53332589,202211,M,50대,경기도,300만원 미만,"문화예술 관람하기, 스포츠 관람하기, 운동-스포츠 직접하기, 관광-여행, 오락-휴식, 자기계발-자기관리, 사회교류","문화예술 관람하기, 스포츠 관람하기, 운동-스포츠 직접하기, 관광-여행, 오락-휴식, 자기계발-자기관리, 사회교류"
53330797,202211,M,60대,경기도,300만원 미만,"운동-스포츠 직접하기, 오락-휴식","운동-스포츠 직접하기, 오락-휴식"
53348414,202211,M,60대,경기도,300만원 미만,"스포츠 관람하기, 운동-스포츠 직접하기, 관광-여행, 오락-휴식, 사회교류","스포츠 관람하기, 운동-스포츠 직접하기, 관광-여행, 오락-휴식, 사회교류"
53326155,202211,M,60대,경기도,300만원 미만,"문화예술 직접하기, 스포츠 관람하기, 관광-여행, 오락-휴식, 사회교류","문화예술 직접하기, 스포츠 관람하기, 관광-여행, 오락-휴식, 자기계발-자기관리, 사회교류"
53353259,202211,M,60대,경기도,300만원 미만,"문화예술 관람하기, 스포츠 관람하기, 관광-여행, 오락-휴식, 사회교류","문화예술 관람하기, 스포츠 관람하기, 관광-여행, 오락-휴식, 사회교류"
53350620,202211,M,60대,경기도,300만원 미만,오락-휴식,오락-휴식
53349252,202211,M,60대,경기도,300만원 미만,"관광-여행, 오락-휴식","관광-여행, 오락-휴식"
53358855,202211,M,60대,경기도,300만원 미만,"운동-스포츠 직접하기, 관광-여행, 오락-휴식, 사회교류","운동-스포츠 직접하기, 관광-여행, 오락-휴식, 사회교류"
53337184,202211,M,60대,경기도,300만원 미만,"오락-휴식, 사회교류","오락-휴식, 사회교류"
53349084,202211,M,60대,경기도,300만원 미만,"운동-스포츠 직접하기, 관광-여행","운동-스포츠 직접하기, 관광-여행"
53340297,202211,F,50대,경기도,300만원 미만,"운동-스포츠 직접하기, 오락-휴식","문화예술 관람하기, 스포츠 관람하기, 운동-스포츠 직접하기, 오락-휴식, 자기계발-자기관리"
53361037,202211,F,50대,경기도,300만원 미만,"문화예술 관람하기, 문화예술 직접하기, 관광-여행, 오락-휴식, 자기계발-자기관리, 사회교류","문화예술 관람하기, 문화예술 직접하기, 관광-여행, 오락-휴식, 자기계발-자기관리, 사회교류"
53375902,202211,F,50대,경기도,300만원 미만,"관광-여행, 오락-휴식","문화예술 관람하기, 관광-여행, 오락-휴식"
53366102,202211,M,50대,경기도,300만원 미만,"문화예술 관람하기, 관광-여행, 오락-휴식, 자기계발-자기관리, 사회교류","문화예술 관람하기, 관광-여행, 오락-휴식, 자기계발-자기관리, 사회교류"
53330740,202211,M,50대,경기도,300만원 미만,"운동-스포츠 직접하기, 자기계발-자기관리","운동-스포츠 직접하기, 관광-여행, 자기계발-자기관리"
53373283,202211,M,50대,경기도,300만원 미만,"운동-스포츠 직접하기, 자기계발-자기관리","운동-스포츠 직접하기, 자기계발-자기관리"
53350874,202211,F,50대,경기도,300만원 미만,"문화예술 관람하기, 사회교류","문화예술 관람하기, 사회교류"
53346130,202211,F,50대,경기도,300만원 미만,"운동-스포츠 직접하기, 관광-여행, 오락-휴식","운동-스포츠 직접하기, 관광-여행, 오락-휴식"
53359078,202211,F,50대,경기도,300만원 미만,"운동-스포츠 직접하기, 관광-여행","운동-스포츠 직접하기, 관광-여행"
53367236,202211,F,50대,경기도,300만원 미만,자기계발-자기관리,자기계발-자기관리
53344681,202211,F,50대,경기도,300만원 미만,"문화예술 관람하기, 운동-스포츠 직접하기, 관광-여행, 오락-휴식, 사회교류","문화예술 관람하기, 스포츠 관람하기, 운동-스포츠 직접하기, 관광-여행, 오락-휴식, 사회교류"
53368655,202211,F,50대,경기도,300만원 미만,"문화예술 관람하기, 스포츠 관람하기, 관광-여행, 오락-휴식, 자기계발-자기관리, 사회교류","문화예술 관람하기, 스포츠 관람하기, 관광-여행, 오락-휴식, 자기계발-자기관리, 사회교류"
53366228,202211,F,50대,경기도,300만원 미만,"관광-여행, 오락-휴식","관광-여행, 오락-휴식"
53374743,202211,F,50대,경기도,300만원 미만,"문화예술 관람하기, 운동-스포츠 직접하기, 관광-여행, 오락-휴식","문화예술 관람하기, 운동-스포츠 직접하기, 관광-여행, 오락-휴식"
53374074,202211,F,50대,경기도,300만원 미만,오락-휴식,오락-휴식
53353953,202211,F,50대,경기도,300만원 미만,"문화예술 관람하기, 운동-스포츠 직접하기, 관광-여행, 자기계발-자기관리","문화예술 관람하기, 운동-스포츠 직접하기, 관광-여행, 자기계발-자기관리"
53356903,202211,F,50대,경기도,300만원 미만,"문화예술 관람하기, 문화예술 직접하기, 관광-여행, 오락-휴식","문화예술 관람하기, 문화예술 직접하기, 스포츠 관람하기, 관광-여행, 오락-휴식"
53333619,202211,F,50대,경기도,300만원 미만,"관광-여행, 오락-휴식","관광-여행, 오락-휴식"
53367197,202211,F,50대,경기도,300만원 미만,"운동-스포츠 직접하기, 오락-휴식","문화예술 관람하기, 운동-스포츠 직접하기, 관광-여행, 오락-휴식"
53374283,202211,F,50대,경기도,300만원 미만,"문화예술 관람하기, 관광-여행, 사회교류","문화예술 관람하기, 관광-여행, 사회교류"
53346448,202211,F,50대,경기도,300만원 미만,"문화예술 관람하기, 운동-스포츠 직접하기, 관광-여행","문화예술 관람하기, 운동-스포츠 직접하기, 관광-여행"
53325630,202211,F,40대,경기도,300만원 미만,"운동-스포츠 직접하기, 관광-여행, 오락-휴식, 자기계발-자기관리","운동-스포츠 직접하기, 관광-여행, 오락-휴식, 자기계발-자기관리"
53327988,202211,F,40대,경기도,300만원 미만,"스포츠 관람하기, 관광-여행, 오락-휴식","스포츠 관람하기, 관광-여행, 오락-휴식"
53332996,202211,F,40대,경기도,300만원 미만,"문화예술 관람하기, 관광-여행, 오락-휴식, 자기계발-자기관리","문화예술 관람하기, 관광-여행, 오락-휴식, 자기계발-자기관리"
53365392,202211,F,40대,경기도,300만원 미만,오락-휴식,오락-휴식
53359902,202211,F,40대,경기도,300만원 미만,오락-휴식,"오락-휴식, 자기계발-자기관리"
53361468,202211,F,40대,경기도,300만원 미만,"스포츠 관람하기, 관광-여행","스포츠 관람하기, 관광-여행"
53372574,202211,F,40대,경기도,300만원 미만,오락-휴식,"문화예술 관람하기, 운동-스포츠 직접하기, 오락-휴식"
53354552,202211,F,40대,경기도,300만원 미만,"운동-스포츠 직접하기, 자기계발-자기관리, 사회교류","운동-스포츠 직접하기, 자기계발-자기관리, 사회교류"
53367788,202211,F,40대,경기도,300만원 미만,"문화예술 관람하기, 운동-스포츠 직접하기, 관광-여행","문화예술 관람하기, 운동-스포츠 직접하기, 관광-여행, 오락-휴식"
53360992,202211,F,40대,경기도,300만원 미만,"문화예술 관람하기, 운동-스포츠 직접하기, 관광-여행, 오락-휴식, 사회교류","문화예술 관람하기, 문화예술 직접하기, 운동-스포츠 직접하기, 관광-여행, 오락-휴식, 사회교류"
53325709,202211,F,40대,경기도,300만원 미만,"문화예술 관람하기, 스포츠 관람하기, 관광-여행, 오락-휴식, 자기계발-자기관리, 사회교류","문화예술 관람하기, 스포츠 관람하기, 관광-여행, 오락-휴식, 자기계발-자기관리, 사회교류"
53356974,202211,F,40대,경기도,300만원 미만,"운동-스포츠 직접하기, 오락-휴식","운동-스포츠 직접하기, 관광-여행, 오락-휴식"
53349963,202211,M,40대,경기도,300만원 미만,"오락-휴식, 사회교류","문화예술 관람하기, 운동-스포츠 직접하기, 오락-휴식, 사회교류"
53360609,202211,M,40대,경기도,300만원 미만,"문화예술 관람하기, 관광-여행","문화예술 관람하기, 관광-여행"
53337881,202211,M,40대,경기도,300만원 미만,"문화예술 직접하기, 스포츠 관람하기, 사회교류","문화예술 직접하기, 스포츠 관람하기, 운동-스포츠 직접하기, 관광-여행, 사회교류"
53337126,202211,F,40대,경기도,300만원 미만,"운동-스포츠 직접하기, 오락-휴식, 자기계발-자기관리, 사회교류","문화예술 관람하기, 운동-스포츠 직접하기, 오락-휴식, 자기계발-자기관리, 사회교류"
53339980,202211,F,40대,경기도,300만원 미만,"오락-휴식, 자기계발-자기관리","오락-휴식, 자기계발-자기관리"
53360883,202211,F,40대,경기도,300만원 미만,"스포츠 관람하기, 관광-여행, 자기계발-자기관리","스포츠 관람하기, 관광-여행, 자기계발-자기관리"
53358630,202211,F,40대,경기도,300만원 미만,"오락-휴식, 자기계발-자기관리","문화예술 관람하기, 오락-휴식, 자기계발-자기관리"
53353060,202211,F,40대,경기도,300만원 미만,오락-휴식,오락-휴식
53357713,202211,M,40대,경기도,300만원 미만,자기계발-자기관리,자기계발-자기관리
53342263,202211,M,40대,경기도,300만원 미만,"운동-스포츠 직접하기, 관광-여행, 오락-휴식","운동-스포츠 직접하기, 관광-여행, 오락-휴식"
53326500,202211,M,40대,경기도,300만원 미만,"문화예술 관람하기, 오락-휴식, 자기계발-자기관리","문화예술 관람하기, 오락-휴식, 자기계발-자기관리"
53367409,202211,M,40대,경기도,300만원 미만,"문화예술 관람하기, 운동-스포츠 직접하기, 관광-여행, 오락-휴식","문화예술 관람하기, 운동-스포츠 직접하기, 관광-여행, 오락-휴식"
53342428,202211,M,40대,경기도,300만원 미만,"운동-스포츠 직접하기, 관광-여행, 오락-휴식, 자기계발-자기관리","운동-스포츠 직접하기, 관광-여행, 오락-휴식, 자기계발-자기관리"
53340533,202211,M,40대,경기도,300만원 미만,"스포츠 관람하기, 운동-스포츠 직접하기, 관광-여행, 오락-휴식, 자기계발-자기관리","스포츠 관람하기, 운동-스포츠 직접하기, 관광-여행, 오락-휴식, 자기계발-자기관리"
53356503,202211,M,40대,경기도,300만원 미만,"운동-스포츠 직접하기, 오락-휴식","문화예술 관람하기, 운동-스포츠 직접하기, 오락-휴식, 사회교류"
53342685,202211,M,40대,경기도,300만원 미만,"운동-스포츠 직접하기, 오락-휴식","운동-스포츠 직접하기, 오락-휴식, 사회교류"
53325862,202211,M,40대,경기도,300만원 미만,"스포츠 관람하기, 관광-여행, 오락-휴식, 자기계발-자기관리, 사회교류","스포츠 관람하기, 관광-여행, 오락-휴식, 자기계발-자기관리, 사회교류"
53352622,202211,M,30대,경기도,300만원 미만,"스포츠 관람하기, 관광-여행","스포츠 관람하기, 관광-여행"
53372355,202211,M,30대,경기도,300만원 미만,운동-스포츠 직접하기,"문화예술 관람하기, 운동-스포츠 직접하기, 자기계발-자기관리"
53367914,202211,M,30대,경기도,300만원 미만,"스포츠 관람하기, 관광-여행, 오락-휴식, 자기계발-자기관리","스포츠 관람하기, 관광-여행, 오락-휴식, 자기계발-자기관리"
53364779,202211,F,30대,경기도,300만원 미만,스포츠 관람하기,"문화예술 관람하기, 문화예술 직접하기, 스포츠 관람하기, 관광-여행, 오락-휴식, 자기계발-자기관리"
53334992,202211,F,30대,경기도,300만원 미만,"스포츠 관람하기, 운동-스포츠 직접하기, 관광-여행, 오락-휴식, 자기계발-자기관리, 사회교류","문화예술 직접하기, 스포츠 관람하기, 운동-스포츠 직접하기, 관광-여행, 오락-휴식, 자기계발-자기관리, 사회교류"
53339185,202211,F,30대,경기도,300만원 미만,"문화예술 관람하기, 관광-여행, 오락-휴식, 자기계발-자기관리, 사회교류","문화예술 관람하기, 관광-여행, 오락-휴식, 자기계발-자기관리, 사회교류"
53349339,202211,F,30대,경기도,300만원 미만,"문화예술 관람하기, 스포츠 관람하기, 운동-스포츠 직접하기, 관광-여행, 오락-휴식, 자기계발-자기관리, 사회교류","문화예술 관람하기, 스포츠 관람하기, 운동-스포츠 직접하기, 관광-여행, 오락-휴식, 자기계발-자기관리, 사회교류"
53367146,202211,F,30대,경기도,300만원 미만,"문화예술 관람하기, 문화예술 직접하기, 오락-휴식, 자기계발-자기관리","문화예술 관람하기, 문화예술 직접하기, 스포츠 관람하기, 오락-휴식, 자기계발-자기관리"
53336893,202211,F,30대,경기도,300만원 미만,"문화예술 관람하기, 관광-여행, 오락-휴식, 자기계발-자기관리, 사회교류","문화예술 관람하기, 관광-여행, 오락-휴식, 자기계발-자기관리, 사회교류"
53335965,202211,M,30대,경기도,300만원 미만,"운동-스포츠 직접하기, 관광-여행, 오락-휴식, 사회교류","운동-스포츠 직접하기, 관광-여행, 오락-휴식, 자기계발-자기관리, 사회교류"
53337587,202211,M,30대,경기도,300만원 미만,"문화예술 관람하기, 문화예술 직접하기, 스포츠 관람하기, 운동-스포츠 직접하기, 관광-여행, 오락-휴식","문화예술 관람하기, 문화예술 직접하기, 스포츠 관람하기, 운동-스포츠 직접하기, 관광-여행, 오락-휴식"
53335371,202211,M,30대,경기도,300만원 미만,"스포츠 관람하기, 운동-스포츠 직접하기, 오락-휴식, 사회교류","스포츠 관람하기, 운동-스포츠 직접하기, 오락-휴식, 사회교류"
53358132,202211,M,30대,경기도,300만원 미만,오락-휴식,"관광-여행, 오락-휴식"
53344979,202211,M,30대,경기도,300만원 미만,"운동-스포츠 직접하기, 관광-여행","운동-스포츠 직접하기, 관광-여행"
53351639,202211,M,30대,경기도,300만원 미만,"스포츠 관람하기, 운동-스포츠 직접하기, 오락-휴식, 사회교류","문화예술 관람하기, 스포츠 관람하기, 운동-스포츠 직접하기, 관광-여행, 오락-휴식, 자기계발-자기관리, 사회교류"
53364266,202211,M,30대,경기도,300만원 미만,"문화예술 관람하기, 운동-스포츠 직접하기, 관광-여행, 오락-휴식","문화예술 관람하기, 스포츠 관람하기, 운동-스포츠 직접하기, 관광-여행, 오락-휴식"
53329305,202211,M,30대,경기도,300만원 미만,오락-휴식,오락-휴식
53338331,202211,F,30대,경기도,300만원 미만,"관광-여행, 오락-휴식, 자기계발-자기관리, 사회교류","운동-스포츠 직접하기, 관광-여행, 오락-휴식, 자기계발-자기관리, 사회교류"
53349161,202211,F,30대,경기도,300만원 미만,"문화예술 관람하기, 운동-스포츠 직접하기, 관광-여행, 자기계발-자기관리","문화예술 관람하기, 스포츠 관람하기, 운동-스포츠 직접하기, 관광-여행, 자기계발-자기관리"
53366465,202211,F,30대,경기도,300만원 미만,"관광-여행, 오락-휴식","문화예술 직접하기, 스포츠 관람하기, 관광-여행, 오락-휴식"
53367832,202211,F,30대,경기도,300만원 미만,"문화예술 관람하기, 운동-스포츠 직접하기, 오락-휴식","문화예술 관람하기, 운동-스포츠 직접하기, 관광-여행, 오락-휴식"
53365175,202211,F,30대,경기도,300만원 미만,오락-휴식,오락-휴식
53357850,202211,F,30대,경기도,300만원 미만,"운동-스포츠 직접하기, 관광-여행, 오락-휴식, 자기계발-자기관리","문화예술 관람하기, 문화예술 직접하기, 운동-스포츠 직접하기, 관광-여행, 오락-휴식, 자기계발-자기관리"
53343766,202211,F,30대,경기도,300만원 미만,"관광-여행, 오락-휴식","관광-여행, 오락-휴식"
53359048,202211,F,30대,경기도,300만원 미만,"운동-스포츠 직접하기, 관광-여행, 오락-휴식, 자기계발-자기관리, 사회교류","문화예술 관람하기, 스포츠 관람하기, 운동-스포츠 직접하기, 관광-여행, 오락-휴식, 자기계발-자기관리, 사회교류"
53328795,202211,F,30대,경기도,300만원 미만,"관광-여행, 오락-휴식","관광-여행, 오락-휴식"
53328847,202211,F,30대,경기도,300만원 미만,사회교류,"운동-스포츠 직접하기, 사회교류"
53346156,202211,F,30대,경기도,300만원 미만,"문화예술 관람하기, 오락-휴식","문화예술 관람하기, 오락-휴식"
53326024,202211,F,20대,경기도,300만원 미만,"문화예술 관람하기, 운동-스포츠 직접하기, 사회교류","문화예술 관람하기, 문화예술 직접하기, 운동-스포츠 직접하기, 사회교류"
53356371,202211,F,20대,경기도,300만원 미만,"문화예술 관람하기, 관광-여행, 오락-휴식, 자기계발-자기관리, 사회교류","문화예술 관람하기, 문화예술 직접하기, 관광-여행, 오락-휴식, 자기계발-자기관리, 사회교류"
53357087,202211,F,20대,경기도,300만원 미만,"운동-스포츠 직접하기, 오락-휴식","문화예술 직접하기, 스포츠 관람하기, 운동-스포츠 직접하기, 관광-여행, 오락-휴식"
53342528,202211,F,20대,경기도,300만원 미만,"문화예술 관람하기, 스포츠 관람하기, 관광-여행, 오락-휴식, 자기계발-자기관리, 사회교류","문화예술 관람하기, 스포츠 관람하기, 관광-여행, 오락-휴식, 자기계발-자기관리, 사회교류"
53364608,202211,F,20대,경기도,300만원 미만,"관광-여행, 오락-휴식, 자기계발-자기관리, 사회교류","관광-여행, 오락-휴식, 자기계발-자기관리, 사회교류"
53354550,202211,F,20대,경기도,300만원 미만,"스포츠 관람하기, 관광-여행, 오락-휴식, 사회교류","스포츠 관람하기, 관광-여행, 오락-휴식, 자기계발-자기관리, 사회교류"
53346074,202211,F,20대,경기도,300만원 미만,"운동-스포츠 직접하기, 관광-여행, 오락-휴식, 자기계발-자기관리, 사회교류","문화예술 관람하기, 운동-스포츠 직접하기, 관광-여행, 오락-휴식, 자기계발-자기관리, 사회교류"
53376039,202211,F,20대,경기도,300만원 미만,"운동-스포츠 직접하기, 관광-여행, 사회교류","문화예술 관람하기, 운동-스포츠 직접하기, 관광-여행, 오락-휴식, 사회교류"
53370712,202211,F,20대,경기도,300만원 미만,자기계발-자기관리,"문화예술 관람하기, 관광-여행, 자기계발-자기관리"
53328979,202211,F,20대,경기도,300만원 미만,"문화예술 관람하기, 오락-휴식, 자기계발-자기관리","문화예술 관람하기, 오락-휴식, 자기계발-자기관리"
53333422,202211,F,20대,경기도,300만원 미만,"관광-여행, 오락-휴식","문화예술 관람하기, 관광-여행, 오락-휴식, 자기계발-자기관리"
53365075,202211,M,20대,경기도,300만원 미만,"문화예술 관람하기, 스포츠 관람하기, 관광-여행, 오락-휴식, 사회교류","문화예술 관람하기, 스포츠 관람하기, 관광-여행, 오락-휴식, 사회교류"
53357881,202211,M,20대,경기도,300만원 미만,"스포츠 관람하기, 운동-스포츠 직접하기, 관광-여행, 오락-휴식, 사회교류","문화예술 관람하기, 문화예술 직접하기, 스포츠 관람하기, 운동-스포츠 직접하기, 관광-여행, 오락-휴식, 사회교류"
53358840,202211,M,20대,경기도,300만원 미만,"관광-여행, 사회교류","관광-여행, 사회교류"
53331657,202211,M,20대,경기도,300만원 미만,"운동-스포츠 직접하기, 관광-여행, 오락-휴식, 자기계발-자기관리, 사회교류","문화예술 관람하기, 운동-스포츠 직접하기, 관광-여행, 오락-휴식, 자기계발-자기관리, 사회교류"
53323149,202211,M,20대,경기도,300만원 미만,"문화예술 관람하기, 스포츠 관람하기, 운동-스포츠 직접하기, 관광-여행, 오락-휴식, 자기계발-자기관리, 사회교류","문화예술 관람하기, 문화예술 직접하기, 스포츠 관람하기, 운동-스포츠 직접하기, 관광-여행, 오락-휴식, 자기계발-자기관리, 사회교류"
53370666,202211,M,20대,경기도,300만원 미만,"운동-스포츠 직접하기, 오락-휴식, 사회교류","문화예술 관람하기, 스포츠 관람하기, 운동-스포츠 직접하기, 관광-여행, 오락-휴식, 사회교류"
53352523,202211,M,20대,경기도,300만원 미만,"문화예술 관람하기, 스포츠 관람하기, 운동-스포츠 직접하기, 오락-휴식, 자기계발-자기관리, 사회교류","문화예술 관람하기, 스포츠 관람하기, 운동-스포츠 직접하기, 관광-여행, 오락-휴식, 자기계발-자기관리, 사회교류"
53358356,202211,M,20대,경기도,300만원 미만,"오락-휴식, 사회교류","오락-휴식, 사회교류"
53369484,202211,M,20대,경기도,300만원 미만,"오락-휴식, 자기계발-자기관리","오락-휴식, 자기계발-자기관리"
53363353,202211,M,20대,경기도,300만원 미만,"문화예술 관람하기, 관광-여행, 오락-휴식, 자기계발-자기관리","문화예술 관람하기, 관광-여행, 오락-휴식, 자기계발-자기관리"
53349054,202211,M,20대,경기도,300만원 미만,"스포츠 관람하기, 관광-여행, 오락-휴식, 사회교류","스포츠 관람하기, 운동-스포츠 직접하기, 관광-여행, 오락-휴식, 자기계발-자기관리, 사회교류"
53346028,202211,M,20대,경기도,300만원 미만,오락-휴식,오락-휴식
53367862,202211,F,20대,경기도,300만원 미만,"문화예술 관람하기, 오락-휴식, 사회교류","문화예술 관람하기, 오락-휴식, 사회교류"
53341865,202211,M,20대,경기도,300만원 미만,오락-휴식,"스포츠 관람하기, 오락-휴식, 사회교류"
53373725,202211,M,20대,경기도,300만원 미만,"운동-스포츠 직접하기, 관광-여행, 오락-휴식, 자기계발-자기관리","스포츠 관람하기, 운동-스포츠 직접하기, 관광-여행, 오락-휴식, 자기계발-자기관리"
53360194,202211,M,20대,경기도,300만원 미만,"문화예술 관람하기, 스포츠 관람하기, 운동-스포츠 직접하기, 오락-휴식, 사회교류","문화예술 관람하기, 스포츠 관람하기, 운동-스포츠 직접하기, 관광-여행, 오락-휴식, 사회교류"
53339954,202211,M,20대,경상남도,300만원 미만,오락-휴식,오락-휴식
53330055,202211,M,20대,경상남도,300만원 미만,오락-휴식,"스포츠 관람하기, 오락-휴식"
53353021,202211,M,20대,경상남도,300만원 미만,"스포츠 관람하기, 운동-스포츠 직접하기, 관광-여행, 오락-휴식, 자기계발-자기관리","스포츠 관람하기, 운동-스포츠 직접하기, 관광-여행, 오락-휴식, 자기계발-자기관리"
53346654,202211,M,20대,경상남도,300만원 미만,오락-휴식,오락-휴식
53324164,202211,M,20대,경상남도,300만원 미만,자기계발-자기관리,자기계발-자기관리
53353126,202211,F,20대,경상남도,300만원 미만,"스포츠 관람하기, 운동-스포츠 직접하기, 오락-휴식, 자기계발-자기관리, 사회교류","스포츠 관람하기, 운동-스포츠 직접하기, 오락-휴식, 자기계발-자기관리, 사회교류"
53353207,202211,F,20대,경상남도,300만원 미만,"운동-스포츠 직접하기, 관광-여행, 오락-휴식, 사회교류","운동-스포츠 직접하기, 관광-여행, 오락-휴식, 자기계발-자기관리, 사회교류"
53348807,202211,F,20대,경상남도,300만원 미만,"문화예술 관람하기, 문화예술 직접하기, 관광-여행, 오락-휴식, 자기계발-자기관리, 사회교류","문화예술 관람하기, 문화예술 직접하기, 스포츠 관람하기, 관광-여행, 오락-휴식, 자기계발-자기관리, 사회교류"
53345162,202211,F,30대,경상남도,300만원 미만,"문화예술 관람하기, 관광-여행, 오락-휴식","문화예술 관람하기, 관광-여행, 오락-휴식"
53352781,202211,F,30대,경상남도,300만원 미만,오락-휴식,오락-휴식
53344011,202211,F,30대,경상남도,300만원 미만,"문화예술 관람하기, 운동-스포츠 직접하기, 관광-여행, 오락-휴식, 자기계발-자기관리, 사회교류","문화예술 관람하기, 운동-스포츠 직접하기, 관광-여행, 오락-휴식, 자기계발-자기관리, 사회교류"
53376601,202211,M,30대,경상남도,300만원 미만,오락-휴식,오락-휴식
53330090,202211,M,30대,경상남도,300만원 미만,운동-스포츠 직접하기,"운동-스포츠 직접하기, 오락-휴식"
53377343,202211,M,30대,경상남도,300만원 미만,"문화예술 관람하기, 스포츠 관람하기, 운동-스포츠 직접하기, 관광-여행","문화예술 관람하기, 스포츠 관람하기, 운동-스포츠 직접하기, 관광-여행"
53365668,202211,M,30대,경상남도,300만원 미만,"운동-스포츠 직접하기, 관광-여행, 오락-휴식, 사회교류","운동-스포츠 직접하기, 관광-여행, 오락-휴식, 사회교류"
53328577,202211,M,30대,경상남도,300만원 미만,운동-스포츠 직접하기,"운동-스포츠 직접하기, 자기계발-자기관리"
53362529,202211,M,30대,경상남도,300만원 미만,"문화예술 관람하기, 스포츠 관람하기, 운동-스포츠 직접하기, 관광-여행, 오락-휴식, 사회교류","문화예술 관람하기, 문화예술 직접하기, 스포츠 관람하기, 운동-스포츠 직접하기, 관광-여행, 오락-휴식, 자기계발-자기관리, 사회교류"
53365504,202211,M,30대,경상남도,300만원 미만,"스포츠 관람하기, 관광-여행, 오락-휴식, 자기계발-자기관리","스포츠 관람하기, 관광-여행, 오락-휴식, 자기계발-자기관리"
53367091,202211,F,30대,경상남도,300만원 미만,"문화예술 관람하기, 문화예술 직접하기, 스포츠 관람하기, 운동-스포츠 직접하기, 관광-여행, 오락-휴식, 자기계발-자기관리, 사회교류","문화예술 관람하기, 문화예술 직접하기, 스포츠 관람하기, 운동-스포츠 직접하기, 관광-여행, 오락-휴식, 자기계발-자기관리, 사회교류"
53333852,202211,M,30대,경상남도,300만원 미만,"스포츠 관람하기, 운동-스포츠 직접하기, 관광-여행, 오락-휴식","스포츠 관람하기, 운동-스포츠 직접하기, 관광-여행, 오락-휴식, 자기계발-자기관리"
53346104,202211,M,40대,경상남도,300만원 미만,"운동-스포츠 직접하기, 관광-여행, 오락-휴식","운동-스포츠 직접하기, 관광-여행, 오락-휴식"
53328630,202211,M,40대,경상남도,300만원 미만,"문화예술 관람하기, 오락-휴식","문화예술 관람하기, 오락-휴식"
53342731,202211,M,40대,경상남도,300만원 미만,오락-휴식,"운동-스포츠 직접하기, 오락-휴식"
53373749,202211,M,40대,경상남도,300만원 미만,오락-휴식,오락-휴식
53348884,202211,M,40대,경상남도,300만원 미만,"문화예술 관람하기, 운동-스포츠 직접하기, 관광-여행, 오락-휴식, 사회교류","문화예술 관람하기, 운동-스포츠 직접하기, 관광-여행, 오락-휴식, 사회교류"
53335879,202211,F,40대,경상남도,300만원 미만,"문화예술 관람하기, 운동-스포츠 직접하기, 관광-여행, 사회교류","문화예술 관람하기, 운동-스포츠 직접하기, 관광-여행, 사회교류"
53340755,202211,F,40대,경상남도,300만원 미만,"스포츠 관람하기, 운동-스포츠 직접하기, 관광-여행, 오락-휴식, 사회교류","스포츠 관람하기, 운동-스포츠 직접하기, 관광-여행, 오락-휴식, 사회교류"
53360664,202211,M,40대,경상남도,300만원 미만,"스포츠 관람하기, 관광-여행","스포츠 관람하기, 관광-여행, 자기계발-자기관리"
53338062,202211,F,40대,경상남도,300만원 미만,"문화예술 관람하기, 관광-여행, 오락-휴식, 자기계발-자기관리, 사회교류","문화예술 관람하기, 운동-스포츠 직접하기, 관광-여행, 오락-휴식, 자기계발-자기관리, 사회교류"
53361855,202211,F,40대,경상남도,300만원 미만,"문화예술 관람하기, 운동-스포츠 직접하기, 관광-여행, 사회교류","문화예술 관람하기, 운동-스포츠 직접하기, 관광-여행, 사회교류"
53326264,202211,F,40대,경상남도,300만원 미만,"관광-여행, 오락-휴식","관광-여행, 오락-휴식"
53356658,202211,F,50대,경상남도,300만원 미만,"운동-스포츠 직접하기, 관광-여행, 오락-휴식, 사회교류","운동-스포츠 직접하기, 관광-여행, 오락-휴식, 사회교류"
53376150,202211,F,50대,경상남도,300만원 미만,"문화예술 관람하기, 스포츠 관람하기, 오락-휴식, 자기계발-자기관리, 사회교류","문화예술 관람하기, 스포츠 관람하기, 오락-휴식, 자기계발-자기관리, 사회교류"
53341139,202211,F,50대,경상남도,300만원 미만,"운동-스포츠 직접하기, 관광-여행, 오락-휴식, 자기계발-자기관리, 사회교류","운동-스포츠 직접하기, 관광-여행, 오락-휴식, 자기계발-자기관리, 사회교류"
53346116,202211,F,50대,경상남도,300만원 미만,"운동-스포츠 직접하기, 오락-휴식","운동-스포츠 직접하기, 오락-휴식"
53340219,202211,M,50대,경상남도,300만원 미만,"스포츠 관람하기, 관광-여행, 사회교류","스포츠 관람하기, 관광-여행, 사회교류"
53341886,202211,M,50대,경상남도,300만원 미만,"문화예술 관람하기, 스포츠 관람하기, 운동-스포츠 직접하기, 관광-여행, 오락-휴식, 자기계발-자기관리, 사회교류","문화예술 관람하기, 스포츠 관람하기, 운동-스포츠 직접하기, 관광-여행, 오락-휴식, 자기계발-자기관리, 사회교류"
53342562,202211,M,50대,경상남도,300만원 미만,오락-휴식,오락-휴식
53368985,202211,F,50대,경상남도,300만원 미만,"문화예술 관람하기, 스포츠 관람하기, 운동-스포츠 직접하기, 관광-여행, 오락-휴식, 자기계발-자기관리, 사회교류","문화예술 관람하기, 스포츠 관람하기, 운동-스포츠 직접하기, 관광-여행, 오락-휴식, 자기계발-자기관리, 사회교류"
53330938,202211,M,60대,경상남도,300만원 미만,"문화예술 관람하기, 운동-스포츠 직접하기, 관광-여행, 오락-휴식, 자기계발-자기관리, 사회교류","문화예술 관람하기, 운동-스포츠 직접하기, 관광-여행, 오락-휴식, 자기계발-자기관리, 사회교류"
53336814,202211,F,60대,경상남도,300만원 미만,관광-여행,관광-여행
53363701,202211,F,60대,경상남도,300만원 미만,"관광-여행, 오락-휴식","관광-여행, 오락-휴식"
53376505,202211,F,60대,경상남도,300만원 미만,오락-휴식,"관광-여행, 오락-휴식"
53343549,202211,F,60대,경상남도,300만원 미만,"스포츠 관람하기, 자기계발-자기관리","문화예술 관람하기, 스포츠 관람하기, 운동-스포츠 직접하기, 오락-휴식, 자기계발-자기관리"
53336078,202211,F,60대,경상남도,300만원 미만,"스포츠 관람하기, 운동-스포츠 직접하기, 관광-여행, 오락-휴식, 자기계발-자기관리, 사회교류","스포츠 관람하기, 운동-스포츠 직접하기, 관광-여행, 오락-휴식, 자기계발-자기관리, 사회교류"
53353710,202211,F,60대,경상남도,300만원 미만,"문화예술 관람하기, 스포츠 관람하기, 관광-여행, 오락-휴식, 사회교류","문화예술 관람하기, 스포츠 관람하기, 관광-여행, 오락-휴식, 사회교류"
53337041,202211,F,60대,경상남도,300만원 미만,"스포츠 관람하기, 운동-스포츠 직접하기, 관광-여행, 오락-휴식, 사회교류","스포츠 관람하기, 운동-스포츠 직접하기, 관광-여행, 오락-휴식, 사회교류"
53342662,202211,F,60대,경상남도,300만원 미만,"문화예술 관람하기, 문화예술 직접하기, 관광-여행, 오락-휴식, 사회교류","문화예술 관람하기, 문화예술 직접하기, 관광-여행, 오락-휴식, 사회교류"
53344607,202211,F,60대,경상남도,300만원 미만,"문화예술 관람하기, 운동-스포츠 직접하기, 관광-여행","문화예술 관람하기, 운동-스포츠 직접하기, 관광-여행"
53350089,202211,F,60대,경상남도,300만원 미만,"문화예술 관람하기, 관광-여행, 오락-휴식, 자기계발-자기관리, 사회교류","문화예술 관람하기, 스포츠 관람하기, 관광-여행, 오락-휴식, 자기계발-자기관리, 사회교류"
53348031,202211,F,60대,경상남도,300만원 미만,"관광-여행, 사회교류","문화예술 직접하기, 관광-여행, 사회교류"
53345127,202211,F,60대,경상북도,300만원 미만,"운동-스포츠 직접하기, 사회교류","문화예술 관람하기, 운동-스포츠 직접하기, 사회교류"
53335297,202211,F,60대,경상북도,300만원 미만,"문화예술 관람하기, 운동-스포츠 직접하기, 관광-여행, 사회교류","문화예술 관람하기, 운동-스포츠 직접하기, 관광-여행, 자기계발-자기관리, 사회교류"
53367444,202211,F,60대,경상북도,300만원 미만,"오락-휴식, 자기계발-자기관리, 사회교류","오락-휴식, 자기계발-자기관리, 사회교류"
53365186,202211,F,60대,경상북도,300만원 미만,"운동-스포츠 직접하기, 관광-여행, 사회교류","운동-스포츠 직접하기, 관광-여행, 사회교류"
53343658,202211,F,60대,경상북도,300만원 미만,"오락-휴식, 자기계발-자기관리","오락-휴식, 자기계발-자기관리"
53345010,202211,F,60대,경상북도,300만원 미만,자기계발-자기관리,자기계발-자기관리
53352160,202211,F,60대,경상북도,300만원 미만,"문화예술 관람하기, 문화예술 직접하기, 운동-스포츠 직접하기, 오락-휴식, 자기계발-자기관리","문화예술 관람하기, 문화예술 직접하기, 운동-스포츠 직접하기, 오락-휴식, 자기계발-자기관리"
53326893,202211,F,60대,경상북도,300만원 미만,"문화예술 직접하기, 운동-스포츠 직접하기, 관광-여행","문화예술 직접하기, 운동-스포츠 직접하기, 관광-여행"
53332448,202211,F,60대,경상북도,300만원 미만,"관광-여행, 자기계발-자기관리","문화예술 관람하기, 관광-여행, 자기계발-자기관리"
53327849,202211,M,60대,경상북도,300만원 미만,"운동-스포츠 직접하기, 오락-휴식, 사회교류","운동-스포츠 직접하기, 오락-휴식, 사회교류"
53343944,202211,M,60대,경상북도,300만원 미만,오락-휴식,오락-휴식
53339988,202211,M,60대,경상북도,300만원 미만,"운동-스포츠 직접하기, 사회교류","운동-스포츠 직접하기, 사회교류"
53348536,202211,M,50대,경상북도,300만원 미만,"운동-스포츠 직접하기, 사회교류","문화예술 직접하기, 운동-스포츠 직접하기, 사회교류"
53362101,202211,M,60대,경상북도,300만원 미만,"문화예술 직접하기, 관광-여행, 오락-휴식","문화예술 직접하기, 스포츠 관람하기, 관광-여행, 오락-휴식"
53369952,202211,M,60대,경상북도,300만원 미만,"문화예술 직접하기, 관광-여행, 오락-휴식","문화예술 관람하기, 문화예술 직접하기, 관광-여행, 오락-휴식"
53374505,202211,M,60대,경상북도,300만원 미만,관광-여행,"관광-여행, 사회교류"
53326369,202211,M,60대,경상북도,300만원 미만,"문화예술 관람하기, 스포츠 관람하기, 오락-휴식, 사회교류","문화예술 관람하기, 스포츠 관람하기, 관광-여행, 오락-휴식, 사회교류"
53359554,202211,M,50대,경상북도,300만원 미만,오락-휴식,"문화예술 관람하기, 운동-스포츠 직접하기, 오락-휴식"
53329133,202211,M,50대,경상북도,300만원 미만,"운동-스포츠 직접하기, 오락-휴식, 자기계발-자기관리","운동-스포츠 직접하기, 오락-휴식, 자기계발-자기관리"
53350114,202211,M,50대,경상북도,300만원 미만,"운동-스포츠 직접하기, 오락-휴식, 자기계발-자기관리, 사회교류","운동-스포츠 직접하기, 오락-휴식, 자기계발-자기관리, 사회교류"
53327532,202211,M,50대,경상북도,300만원 미만,"문화예술 관람하기, 관광-여행","문화예술 관람하기, 관광-여행"
53364807,202211,M,50대,경상북도,300만원 미만,"문화예술 관람하기, 운동-스포츠 직접하기, 관광-여행, 오락-휴식","문화예술 관람하기, 운동-스포츠 직접하기, 관광-여행, 오락-휴식"
53351970,202211,M,50대,경상북도,300만원 미만,"운동-스포츠 직접하기, 오락-휴식","운동-스포츠 직접하기, 오락-휴식"
53358056,202211,F,50대,경상북도,300만원 미만,"문화예술 관람하기, 오락-휴식","문화예술 관람하기, 오락-휴식"
53327099,202211,M,50대,경상북도,300만원 미만,"운동-스포츠 직접하기, 오락-휴식","운동-스포츠 직접하기, 오락-휴식"
53351456,202211,F,50대,경상북도,300만원 미만,"관광-여행, 오락-휴식","문화예술 관람하기, 관광-여행, 오락-휴식"
53325670,202211,F,40대,경상북도,300만원 미만,"문화예술 관람하기, 운동-스포츠 직접하기, 오락-휴식, 자기계발-자기관리","문화예술 관람하기, 운동-스포츠 직접하기, 오락-휴식, 자기계발-자기관리"
53349965,202211,F,40대,경상북도,300만원 미만,"오락-휴식, 자기계발-자기관리, 사회교류","문화예술 직접하기, 관광-여행, 오락-휴식, 자기계발-자기관리, 사회교류"
53336092,202211,M,40대,경상북도,300만원 미만,"스포츠 관람하기, 운동-스포츠 직접하기, 관광-여행, 오락-휴식, 자기계발-자기관리, 사회교류","스포츠 관람하기, 운동-스포츠 직접하기, 관광-여행, 오락-휴식, 자기계발-자기관리, 사회교류"
53328811,202211,M,40대,경상북도,300만원 미만,"관광-여행, 오락-휴식, 사회교류","문화예술 관람하기, 관광-여행, 오락-휴식, 사회교류"
53333715,202211,M,40대,경상북도,300만원 미만,"문화예술 직접하기, 운동-스포츠 직접하기, 오락-휴식, 자기계발-자기관리","문화예술 직접하기, 운동-스포츠 직접하기, 오락-휴식, 자기계발-자기관리"
53334066,202211,M,40대,경상북도,300만원 미만,"스포츠 관람하기, 운동-스포츠 직접하기, 관광-여행, 사회교류","스포츠 관람하기, 운동-스포츠 직접하기, 관광-여행, 사회교류"
53373172,202211,M,40대,경상북도,300만원 미만,"문화예술 관람하기, 운동-스포츠 직접하기","문화예술 관람하기, 운동-스포츠 직접하기, 오락-휴식"
53360912,202211,M,30대,경상북도,300만원 미만,"스포츠 관람하기, 운동-스포츠 직접하기, 관광-여행, 오락-휴식, 사회교류","스포츠 관람하기, 운동-스포츠 직접하기, 관광-여행, 오락-휴식, 사회교류"
53357346,202211,F,30대,경상북도,300만원 미만,"문화예술 관람하기, 문화예술 직접하기, 운동-스포츠 직접하기, 관광-여행, 오락-휴식, 자기계발-자기관리, 사회교류","문화예술 관람하기, 문화예술 직접하기, 운동-스포츠 직접하기, 관광-여행, 오락-휴식, 자기계발-자기관리, 사회교류"
53364420,202211,F,30대,경상북도,300만원 미만,"문화예술 관람하기, 관광-여행, 오락-휴식, 자기계발-자기관리, 사회교류","문화예술 관람하기, 문화예술 직접하기, 관광-여행, 오락-휴식, 자기계발-자기관리, 사회교류"
53368800,202211,M,30대,경상북도,300만원 미만,자기계발-자기관리,자기계발-자기관리
53355497,202211,M,30대,경상북도,300만원 미만,"문화예술 관람하기, 관광-여행","문화예술 관람하기, 문화예술 직접하기, 관광-여행"
53339408,202211,F,30대,경상북도,300만원 미만,"문화예술 관람하기, 문화예술 직접하기, 관광-여행","문화예술 관람하기, 문화예술 직접하기, 관광-여행"
53366229,202211,F,30대,경상북도,300만원 미만,"운동-스포츠 직접하기, 오락-휴식, 자기계발-자기관리","운동-스포츠 직접하기, 오락-휴식, 자기계발-자기관리"
53354211,202211,F,30대,경상북도,300만원 미만,"관광-여행, 오락-휴식","운동-스포츠 직접하기, 관광-여행, 오락-휴식"
53333074,202211,F,20대,경상북도,300만원 미만,"문화예술 관람하기, 오락-휴식, 자기계발-자기관리","문화예술 관람하기, 오락-휴식, 자기계발-자기관리"
53328352,202211,F,20대,경상북도,300만원 미만,"문화예술 관람하기, 운동-스포츠 직접하기, 관광-여행, 오락-휴식, 자기계발-자기관리, 사회교류","문화예술 관람하기, 문화예술 직접하기, 운동-스포츠 직접하기, 관광-여행, 오락-휴식, 자기계발-자기관리, 사회교류"
53353376,202211,F,20대,경상북도,300만원 미만,"문화예술 관람하기, 운동-스포츠 직접하기, 관광-여행, 오락-휴식, 자기계발-자기관리","문화예술 관람하기, 운동-스포츠 직접하기, 관광-여행, 오락-휴식, 자기계발-자기관리"
53358522,202211,F,20대,경상북도,300만원 미만,"운동-스포츠 직접하기, 관광-여행, 오락-휴식, 사회교류","문화예술 관람하기, 운동-스포츠 직접하기, 관광-여행, 오락-휴식, 자기계발-자기관리, 사회교류"
53352205,202211,M,20대,경상북도,300만원 미만,사회교류,"자기계발-자기관리, 사회교류"
53369269,202211,M,20대,경상북도,300만원 미만,"스포츠 관람하기, 운동-스포츠 직접하기, 오락-휴식","스포츠 관람하기, 운동-스포츠 직접하기, 오락-휴식"
53330608,202211,M,20대,광주광역시,300만원 미만,"운동-스포츠 직접하기, 관광-여행, 사회교류","운동-스포츠 직접하기, 관광-여행, 사회교류"
53354228,202211,M,20대,광주광역시,300만원 미만,"스포츠 관람하기, 운동-스포츠 직접하기, 오락-휴식","문화예술 관람하기, 스포츠 관람하기, 운동-스포츠 직접하기, 오락-휴식"
53363582,202211,F,20대,광주광역시,300만원 미만,"문화예술 관람하기, 관광-여행, 오락-휴식, 사회교류","문화예술 관람하기, 관광-여행, 오락-휴식, 사회교류"
53372959,202211,F,20대,광주광역시,300만원 미만,"오락-휴식, 자기계발-자기관리, 사회교류","오락-휴식, 자기계발-자기관리, 사회교류"
53343520,202211,F,20대,광주광역시,300만원 미만,"문화예술 관람하기, 관광-여행, 오락-휴식, 사회교류","문화예술 관람하기, 문화예술 직접하기, 스포츠 관람하기, 운동-스포츠 직접하기, 관광-여행, 오락-휴식, 자기계발-자기관리, 사회교류"
53347995,202211,F,20대,광주광역시,300만원 미만,관광-여행,"스포츠 관람하기, 운동-스포츠 직접하기, 관광-여행, 오락-휴식, 자기계발-자기관리"
53348853,202211,F,30대,광주광역시,300만원 미만,"문화예술 관람하기, 관광-여행, 오락-휴식, 사회교류","문화예술 관람하기, 스포츠 관람하기, 관광-여행, 오락-휴식, 사회교류"
53332805,202211,M,30대,광주광역시,300만원 미만,"문화예술 관람하기, 스포츠 관람하기, 운동-스포츠 직접하기, 관광-여행","문화예술 관람하기, 스포츠 관람하기, 운동-스포츠 직접하기, 관광-여행, 사회교류"
53364015,202211,M,30대,광주광역시,300만원 미만,"문화예술 관람하기, 관광-여행, 오락-휴식","문화예술 관람하기, 관광-여행, 오락-휴식"
53340877,202211,F,40대,광주광역시,300만원 미만,"문화예술 관람하기, 스포츠 관람하기, 관광-여행, 오락-휴식","문화예술 관람하기, 스포츠 관람하기, 관광-여행, 오락-휴식"
53368299,202211,F,40대,광주광역시,300만원 미만,"문화예술 관람하기, 문화예술 직접하기, 운동-스포츠 직접하기, 관광-여행, 오락-휴식, 자기계발-자기관리, 사회교류","문화예술 관람하기, 문화예술 직접하기, 운동-스포츠 직접하기, 관광-여행, 오락-휴식, 자기계발-자기관리, 사회교류"
53368644,202211,F,40대,광주광역시,300만원 미만,"문화예술 관람하기, 운동-스포츠 직접하기, 관광-여행, 오락-휴식, 자기계발-자기관리, 사회교류","문화예술 관람하기, 운동-스포츠 직접하기, 관광-여행, 오락-휴식, 자기계발-자기관리, 사회교류"
53341607,202211,F,40대,광주광역시,300만원 미만,"관광-여행, 오락-휴식","관광-여행, 오락-휴식"
53332227,202211,F,50대,광주광역시,300만원 미만,"문화예술 직접하기, 관광-여행, 오락-휴식, 자기계발-자기관리, 사회교류","문화예술 직접하기, 관광-여행, 오락-휴식, 자기계발-자기관리, 사회교류"
53343229,202211,M,60대,광주광역시,300만원 미만,"스포츠 관람하기, 운동-스포츠 직접하기, 오락-휴식, 사회교류","문화예술 관람하기, 스포츠 관람하기, 운동-스포츠 직접하기, 오락-휴식, 사회교류"
53332016,202211,M,60대,광주광역시,300만원 미만,"문화예술 관람하기, 운동-스포츠 직접하기, 관광-여행, 오락-휴식, 사회교류","문화예술 관람하기, 운동-스포츠 직접하기, 관광-여행, 오락-휴식, 사회교류"
53344019,202211,M,60대,광주광역시,300만원 미만,"문화예술 관람하기, 스포츠 관람하기, 운동-스포츠 직접하기, 관광-여행, 사회교류","문화예술 관람하기, 스포츠 관람하기, 운동-스포츠 직접하기, 관광-여행, 사회교류"
53332506,202211,M,60대,광주광역시,300만원 미만,"문화예술 관람하기, 스포츠 관람하기, 운동-스포츠 직접하기, 오락-휴식, 사회교류","문화예술 관람하기, 스포츠 관람하기, 운동-스포츠 직접하기, 오락-휴식, 사회교류"
53331784,202211,M,60대,광주광역시,300만원 미만,"스포츠 관람하기, 운동-스포츠 직접하기, 오락-휴식","스포츠 관람하기, 운동-스포츠 직접하기, 오락-휴식, 사회교류"
53364228,202211,F,60대,광주광역시,300만원 미만,"운동-스포츠 직접하기, 오락-휴식","문화예술 관람하기, 운동-스포츠 직접하기, 오락-휴식"
53364580,202211,F,60대,광주광역시,300만원 미만,"문화예술 관람하기, 운동-스포츠 직접하기, 관광-여행, 사회교류","문화예술 관람하기, 운동-스포츠 직접하기, 관광-여행, 사회교류"
53333789,202211,F,60대,광주광역시,300만원 미만,"운동-스포츠 직접하기, 오락-휴식","운동-스포츠 직접하기, 오락-휴식"
53348299,202211,F,60대,대구광역시,300만원 미만,"문화예술 관람하기, 문화예술 직접하기, 운동-스포츠 직접하기, 관광-여행, 오락-휴식, 자기계발-자기관리, 사회교류","문화예술 관람하기, 문화예술 직접하기, 운동-스포츠 직접하기, 관광-여행, 오락-휴식, 자기계발-자기관리, 사회교류"
53354322,202211,F,60대,대구광역시,300만원 미만,"운동-스포츠 직접하기, 사회교류","운동-스포츠 직접하기, 사회교류"
53368489,202211,F,60대,대구광역시,300만원 미만,"운동-스포츠 직접하기, 관광-여행, 자기계발-자기관리, 사회교류","운동-스포츠 직접하기, 관광-여행, 자기계발-자기관리, 사회교류"
53336791,202211,F,60대,대구광역시,300만원 미만,"운동-스포츠 직접하기, 오락-휴식, 자기계발-자기관리","운동-스포츠 직접하기, 오락-휴식, 자기계발-자기관리"
53345433,202211,M,60대,대구광역시,300만원 미만,사회교류,사회교류
53326109,202211,M,60대,대구광역시,300만원 미만,"문화예술 관람하기, 문화예술 직접하기, 스포츠 관람하기, 운동-스포츠 직접하기, 관광-여행, 오락-휴식, 자기계발-자기관리","문화예술 관람하기, 문화예술 직접하기, 스포츠 관람하기, 운동-스포츠 직접하기, 관광-여행, 오락-휴식, 자기계발-자기관리"
53374475,202211,M,60대,대구광역시,300만원 미만,"운동-스포츠 직접하기, 사회교류","운동-스포츠 직접하기, 사회교류"
53326674,202211,M,50대,대구광역시,300만원 미만,"운동-스포츠 직접하기, 관광-여행","운동-스포츠 직접하기, 관광-여행"
53341204,202211,F,60대,대구광역시,300만원 미만,"문화예술 관람하기, 운동-스포츠 직접하기, 관광-여행, 오락-휴식, 사회교류","문화예술 관람하기, 운동-스포츠 직접하기, 관광-여행, 오락-휴식, 사회교류"
53354975,202211,F,60대,대구광역시,300만원 미만,"문화예술 관람하기, 운동-스포츠 직접하기, 관광-여행","문화예술 관람하기, 운동-스포츠 직접하기, 관광-여행, 자기계발-자기관리"
53346012,202211,M,50대,대구광역시,300만원 미만,"스포츠 관람하기, 운동-스포츠 직접하기, 오락-휴식","스포츠 관람하기, 운동-스포츠 직접하기, 오락-휴식"
53336907,202211,M,60대,대구광역시,300만원 미만,"운동-스포츠 직접하기, 관광-여행, 사회교류","운동-스포츠 직접하기, 관광-여행, 사회교류"
53356947,202211,F,50대,대구광역시,300만원 미만,"문화예술 관람하기, 운동-스포츠 직접하기, 오락-휴식, 자기계발-자기관리","문화예술 관람하기, 운동-스포츠 직접하기, 오락-휴식, 자기계발-자기관리"
53364688,202211,M,50대,대구광역시,300만원 미만,"스포츠 관람하기, 관광-여행, 오락-휴식, 사회교류","문화예술 관람하기, 문화예술 직접하기, 스포츠 관람하기, 관광-여행, 오락-휴식, 사회교류"
53360147,202211,M,50대,대구광역시,300만원 미만,"문화예술 관람하기, 스포츠 관람하기, 운동-스포츠 직접하기, 관광-여행, 오락-휴식, 자기계발-자기관리","문화예술 관람하기, 스포츠 관람하기, 운동-스포츠 직접하기, 관광-여행, 오락-휴식, 자기계발-자기관리"
53367733,202211,M,50대,대구광역시,300만원 미만,"오락-휴식, 사회교류","관광-여행, 오락-휴식, 사회교류"
53340682,202211,F,50대,대구광역시,300만원 미만,자기계발-자기관리,자기계발-자기관리
53332243,202211,F,50대,대구광역시,300만원 미만,운동-스포츠 직접하기,"운동-스포츠 직접하기, 관광-여행"
53358619,202211,F,50대,대구광역시,300만원 미만,"문화예술 관람하기, 운동-스포츠 직접하기, 관광-여행, 자기계발-자기관리","문화예술 관람하기, 운동-스포츠 직접하기, 관광-여행, 오락-휴식, 자기계발-자기관리"
53365244,202211,F,40대,대구광역시,300만원 미만,"문화예술 관람하기, 문화예술 직접하기, 자기계발-자기관리, 사회교류","문화예술 관람하기, 문화예술 직접하기, 자기계발-자기관리, 사회교류"
53331048,202211,F,40대,대구광역시,300만원 미만,"문화예술 관람하기, 관광-여행, 오락-휴식, 자기계발-자기관리","문화예술 관람하기, 관광-여행, 오락-휴식, 자기계발-자기관리"
53347007,202211,F,40대,대구광역시,300만원 미만,"문화예술 관람하기, 관광-여행, 오락-휴식","문화예술 관람하기, 관광-여행, 오락-휴식"
53346549,202211,F,50대,대구광역시,300만원 미만,"문화예술 관람하기, 스포츠 관람하기, 운동-스포츠 직접하기, 오락-휴식, 사회교류","문화예술 관람하기, 스포츠 관람하기, 운동-스포츠 직접하기, 오락-휴식, 사회교류"
53326515,202211,M,40대,대구광역시,300만원 미만,"문화예술 관람하기, 문화예술 직접하기, 관광-여행","문화예술 관람하기, 문화예술 직접하기, 관광-여행"
53337622,202211,M,40대,대구광역시,300만원 미만,오락-휴식,"문화예술 직접하기, 오락-휴식"
53375087,202211,M,40대,대구광역시,300만원 미만,"문화예술 직접하기, 관광-여행","문화예술 직접하기, 관광-여행"
53361568,202211,M,40대,대구광역시,300만원 미만,"관광-여행, 오락-휴식, 자기계발-자기관리, 사회교류","관광-여행, 오락-휴식, 자기계발-자기관리, 사회교류"
53366137,202211,M,40대,대구광역시,300만원 미만,사회교류,"문화예술 관람하기, 사회교류"
53367407,202211,F,30대,대구광역시,300만원 미만,"문화예술 관람하기, 운동-스포츠 직접하기, 관광-여행, 사회교류","문화예술 관람하기, 운동-스포츠 직접하기, 관광-여행, 사회교류"
53326804,202211,M,30대,대구광역시,300만원 미만,"문화예술 관람하기, 스포츠 관람하기, 관광-여행, 오락-휴식, 자기계발-자기관리, 사회교류","문화예술 관람하기, 스포츠 관람하기, 관광-여행, 오락-휴식, 자기계발-자기관리, 사회교류"
53366456,202211,F,30대,대구광역시,300만원 미만,"운동-스포츠 직접하기, 관광-여행, 오락-휴식, 사회교류","운동-스포츠 직접하기, 관광-여행, 오락-휴식, 사회교류"
53336238,202211,F,20대,대구광역시,300만원 미만,"문화예술 직접하기, 관광-여행","문화예술 관람하기, 문화예술 직접하기, 스포츠 관람하기, 운동-스포츠 직접하기, 관광-여행, 오락-휴식, 자기계발-자기관리, 사회교류"
53336536,202211,F,20대,대구광역시,300만원 미만,오락-휴식,"문화예술 관람하기, 오락-휴식, 자기계발-자기관리"
53341858,202211,F,20대,대구광역시,300만원 미만,"운동-스포츠 직접하기, 관광-여행, 오락-휴식, 자기계발-자기관리, 사회교류","운동-스포츠 직접하기, 관광-여행, 오락-휴식, 자기계발-자기관리, 사회교류"
53373138,202211,F,20대,대구광역시,300만원 미만,"문화예술 관람하기, 문화예술 직접하기, 운동-스포츠 직접하기, 관광-여행, 오락-휴식, 자기계발-자기관리, 사회교류","문화예술 관람하기, 문화예술 직접하기, 스포츠 관람하기, 운동-스포츠 직접하기, 관광-여행, 오락-휴식, 자기계발-자기관리, 사회교류"
53332046,202211,M,20대,대구광역시,300만원 미만,"운동-스포츠 직접하기, 관광-여행, 오락-휴식, 자기계발-자기관리, 사회교류","운동-스포츠 직접하기, 관광-여행, 오락-휴식, 자기계발-자기관리, 사회교류"
53373806,202211,M,20대,대구광역시,300만원 미만,"문화예술 관람하기, 운동-스포츠 직접하기, 오락-휴식","문화예술 관람하기, 운동-스포츠 직접하기, 오락-휴식"
53346524,202211,M,20대,대구광역시,300만원 미만,"스포츠 관람하기, 자기계발-자기관리","스포츠 관람하기, 자기계발-자기관리"
53371419,202211,F,20대,대구광역시,300만원 미만,"관광-여행, 오락-휴식, 자기계발-자기관리","문화예술 관람하기, 문화예술 직접하기, 운동-스포츠 직접하기, 관광-여행, 오락-휴식, 자기계발-자기관리"
53355152,202211,M,20대,대구광역시,300만원 미만,"문화예술 관람하기, 스포츠 관람하기, 관광-여행, 오락-휴식, 사회교류","문화예술 관람하기, 스포츠 관람하기, 관광-여행, 오락-휴식, 자기계발-자기관리, 사회교류"
53376697,202211,F,20대,대전광역시,300만원 미만,"문화예술 관람하기, 운동-스포츠 직접하기, 관광-여행, 오락-휴식, 사회교류","문화예술 관람하기, 운동-스포츠 직접하기, 관광-여행, 오락-휴식, 자기계발-자기관리, 사회교류"
53334508,202211,M,20대,대전광역시,300만원 미만,운동-스포츠 직접하기,"운동-스포츠 직접하기, 오락-휴식"
53332829,202211,F,30대,대전광역시,300만원 미만,"관광-여행, 오락-휴식, 자기계발-자기관리","문화예술 직접하기, 관광-여행, 오락-휴식, 자기계발-자기관리"
53361189,202211,M,30대,대전광역시,300만원 미만,"운동-스포츠 직접하기, 오락-휴식, 자기계발-자기관리, 사회교류","문화예술 관람하기, 운동-스포츠 직접하기, 관광-여행, 오락-휴식, 자기계발-자기관리, 사회교류"
53337362,202211,M,30대,대전광역시,300만원 미만,"스포츠 관람하기, 운동-스포츠 직접하기, 관광-여행, 오락-휴식","문화예술 관람하기, 문화예술 직접하기, 스포츠 관람하기, 운동-스포츠 직접하기, 관광-여행, 오락-휴식, 사회교류"
53356366,202211,M,40대,대전광역시,300만원 미만,"운동-스포츠 직접하기, 오락-휴식","운동-스포츠 직접하기, 오락-휴식"
53366356,202211,M,40대,대전광역시,300만원 미만,"문화예술 관람하기, 스포츠 관람하기, 관광-여행, 오락-휴식","문화예술 관람하기, 스포츠 관람하기, 관광-여행, 오락-휴식"
53358666,202211,M,40대,대전광역시,300만원 미만,"운동-스포츠 직접하기, 관광-여행, 오락-휴식","운동-스포츠 직접하기, 관광-여행, 오락-휴식"
53361100,202211,F,40대,대전광역시,300만원 미만,"운동-스포츠 직접하기, 관광-여행, 오락-휴식, 자기계발-자기관리, 사회교류","문화예술 관람하기, 문화예술 직접하기, 운동-스포츠 직접하기, 관광-여행, 오락-휴식, 자기계발-자기관리, 사회교류"
53343036,202211,F,40대,대전광역시,300만원 미만,관광-여행,관광-여행
53353941,202211,F,50대,대전광역시,300만원 미만,"문화예술 관람하기, 스포츠 관람하기, 운동-스포츠 직접하기, 관광-여행, 오락-휴식, 자기계발-자기관리, 사회교류","문화예술 관람하기, 스포츠 관람하기, 운동-스포츠 직접하기, 관광-여행, 오락-휴식, 자기계발-자기관리, 사회교류"
53347684,202211,M,50대,대전광역시,300만원 미만,"스포츠 관람하기, 운동-스포츠 직접하기, 오락-휴식","스포츠 관람하기, 운동-스포츠 직접하기, 오락-휴식"
53339741,202211,M,50대,대전광역시,300만원 미만,"문화예술 관람하기, 스포츠 관람하기, 운동-스포츠 직접하기, 관광-여행, 자기계발-자기관리, 사회교류","문화예술 관람하기, 스포츠 관람하기, 운동-스포츠 직접하기, 관광-여행, 자기계발-자기관리, 사회교류"
53369116,202211,M,50대,대전광역시,300만원 미만,"오락-휴식, 사회교류","오락-휴식, 사회교류"
53373863,202211,M,60대,대전광역시,300만원 미만,"운동-스포츠 직접하기, 관광-여행, 오락-휴식, 자기계발-자기관리, 사회교류","스포츠 관람하기, 운동-스포츠 직접하기, 관광-여행, 오락-휴식, 자기계발-자기관리, 사회교류"
53340238,202211,M,60대,대전광역시,300만원 미만,"문화예술 관람하기, 스포츠 관람하기, 운동-스포츠 직접하기, 관광-여행","문화예술 관람하기, 스포츠 관람하기, 운동-스포츠 직접하기, 관광-여행"
53366080,202211,F,60대,대전광역시,300만원 미만,"운동-스포츠 직접하기, 오락-휴식","운동-스포츠 직접하기, 오락-휴식"
53330399,202211,M,50대,대전광역시,300만원 미만,자기계발-자기관리,자기계발-자기관리
53327404,202211,F,60대,부산광역시,300만원 미만,"문화예술 관람하기, 운동-스포츠 직접하기, 오락-휴식","문화예술 관람하기, 운동-스포츠 직접하기, 관광-여행, 오락-휴식"
53343597,202211,F,60대,부산광역시,300만원 미만,"운동-스포츠 직접하기, 오락-휴식","운동-스포츠 직접하기, 오락-휴식"
53369858,202211,F,60대,부산광역시,300만원 미만,사회교류,"문화예술 직접하기, 사회교류"
53365770,202211,M,60대,부산광역시,300만원 미만,"관광-여행, 오락-휴식","스포츠 관람하기, 관광-여행, 오락-휴식"
53338517,202211,M,60대,부산광역시,300만원 미만,"스포츠 관람하기, 운동-스포츠 직접하기, 관광-여행, 오락-휴식, 자기계발-자기관리","스포츠 관람하기, 운동-스포츠 직접하기, 관광-여행, 오락-휴식, 자기계발-자기관리"
53331400,202211,F,60대,부산광역시,300만원 미만,"문화예술 관람하기, 문화예술 직접하기, 운동-스포츠 직접하기, 관광-여행, 오락-휴식, 자기계발-자기관리, 사회교류","문화예술 관람하기, 문화예술 직접하기, 운동-스포츠 직접하기, 관광-여행, 오락-휴식, 자기계발-자기관리, 사회교류"
53364980,202211,F,60대,부산광역시,300만원 미만,"문화예술 관람하기, 운동-스포츠 직접하기, 관광-여행, 오락-휴식","문화예술 관람하기, 운동-스포츠 직접하기, 관광-여행, 오락-휴식"
53346936,202211,F,60대,부산광역시,300만원 미만,"문화예술 직접하기, 관광-여행, 오락-휴식, 사회교류","문화예술 직접하기, 관광-여행, 오락-휴식, 사회교류"
53345228,202211,F,60대,부산광역시,300만원 미만,"운동-스포츠 직접하기, 오락-휴식","운동-스포츠 직접하기, 오락-휴식"
53334344,202211,F,60대,부산광역시,300만원 미만,"운동-스포츠 직접하기, 사회교류","문화예술 관람하기, 운동-스포츠 직접하기, 관광-여행, 사회교류"
53330274,202211,M,60대,부산광역시,300만원 미만,"문화예술 직접하기, 운동-스포츠 직접하기, 사회교류","문화예술 직접하기, 운동-스포츠 직접하기, 사회교류"
53332582,202211,M,60대,부산광역시,300만원 미만,"운동-스포츠 직접하기, 관광-여행","운동-스포츠 직접하기, 관광-여행"
53327370,202211,M,50대,부산광역시,300만원 미만,"운동-스포츠 직접하기, 오락-휴식","운동-스포츠 직접하기, 관광-여행, 오락-휴식"
53375063,202211,M,60대,부산광역시,300만원 미만,"문화예술 관람하기, 문화예술 직접하기, 스포츠 관람하기, 운동-스포츠 직접하기, 관광-여행, 오락-휴식, 자기계발-자기관리, 사회교류","문화예술 관람하기, 문화예술 직접하기, 스포츠 관람하기, 운동-스포츠 직접하기, 관광-여행, 오락-휴식, 자기계발-자기관리, 사회교류"
53359806,202211,F,60대,부산광역시,300만원 미만,"문화예술 관람하기, 운동-스포츠 직접하기, 관광-여행, 오락-휴식, 자기계발-자기관리, 사회교류","문화예술 관람하기, 운동-스포츠 직접하기, 관광-여행, 오락-휴식, 자기계발-자기관리, 사회교류"
53344518,202211,M,50대,부산광역시,300만원 미만,"문화예술 관람하기, 문화예술 직접하기, 스포츠 관람하기, 운동-스포츠 직접하기, 관광-여행, 오락-휴식, 사회교류","문화예술 관람하기, 문화예술 직접하기, 스포츠 관람하기, 운동-스포츠 직접하기, 관광-여행, 오락-휴식, 사회교류"
53330049,202211,F,50대,부산광역시,300만원 미만,"문화예술 관람하기, 관광-여행, 오락-휴식","문화예술 관람하기, 관광-여행, 오락-휴식"
53368124,202211,M,50대,부산광역시,300만원 미만,운동-스포츠 직접하기,"운동-스포츠 직접하기, 관광-여행"
53357945,202211,F,50대,부산광역시,300만원 미만,운동-스포츠 직접하기,"운동-스포츠 직접하기, 사회교류"
53365373,202211,F,50대,부산광역시,300만원 미만,"문화예술 관람하기, 운동-스포츠 직접하기, 오락-휴식, 자기계발-자기관리, 사회교류","문화예술 관람하기, 운동-스포츠 직접하기, 관광-여행, 오락-휴식, 자기계발-자기관리, 사회교류"
53331644,202211,M,50대,부산광역시,300만원 미만,오락-휴식,"문화예술 관람하기, 오락-휴식"
53347968,202211,M,50대,부산광역시,300만원 미만,오락-휴식,오락-휴식
53346851,202211,M,50대,부산광역시,300만원 미만,"스포츠 관람하기, 관광-여행, 오락-휴식","스포츠 관람하기, 운동-스포츠 직접하기, 관광-여행, 오락-휴식"
53363261,202211,M,50대,부산광역시,300만원 미만,"운동-스포츠 직접하기, 오락-휴식, 자기계발-자기관리","운동-스포츠 직접하기, 오락-휴식, 자기계발-자기관리"
53371850,202211,F,50대,부산광역시,300만원 미만,"관광-여행, 오락-휴식, 자기계발-자기관리, 사회교류","문화예술 관람하기, 문화예술 직접하기, 관광-여행, 오락-휴식, 자기계발-자기관리, 사회교류"
53351207,202211,F,50대,부산광역시,300만원 미만,"문화예술 관람하기, 관광-여행, 오락-휴식, 자기계발-자기관리, 사회교류","문화예술 관람하기, 관광-여행, 오락-휴식, 자기계발-자기관리, 사회교류"
53364866,202211,F,50대,부산광역시,300만원 미만,"문화예술 관람하기, 운동-스포츠 직접하기, 관광-여행, 오락-휴식, 자기계발-자기관리","문화예술 관람하기, 운동-스포츠 직접하기, 관광-여행, 오락-휴식, 자기계발-자기관리"
53339223,202211,F,40대,부산광역시,300만원 미만,"문화예술 관람하기, 문화예술 직접하기, 운동-스포츠 직접하기, 자기계발-자기관리","문화예술 관람하기, 문화예술 직접하기, 스포츠 관람하기, 운동-스포츠 직접하기, 자기계발-자기관리"
53349940,202211,F,40대,부산광역시,300만원 미만,"문화예술 관람하기, 스포츠 관람하기, 운동-스포츠 직접하기, 관광-여행, 오락-휴식, 사회교류","문화예술 관람하기, 스포츠 관람하기, 운동-스포츠 직접하기, 관광-여행, 오락-휴식, 사회교류"
53329078,202211,F,40대,부산광역시,300만원 미만,"문화예술 관람하기, 운동-스포츠 직접하기, 오락-휴식","문화예술 관람하기, 운동-스포츠 직접하기, 오락-휴식"
53336479,202211,F,40대,부산광역시,300만원 미만,"문화예술 관람하기, 문화예술 직접하기, 스포츠 관람하기, 운동-스포츠 직접하기, 관광-여행, 오락-휴식, 자기계발-자기관리, 사회교류","문화예술 관람하기, 문화예술 직접하기, 스포츠 관람하기, 운동-스포츠 직접하기, 관광-여행, 오락-휴식, 자기계발-자기관리, 사회교류"
53330114,202211,F,40대,부산광역시,300만원 미만,"관광-여행, 오락-휴식, 자기계발-자기관리, 사회교류","문화예술 관람하기, 관광-여행, 오락-휴식, 자기계발-자기관리, 사회교류"
53376615,202211,F,50대,부산광역시,300만원 미만,"운동-스포츠 직접하기, 관광-여행, 사회교류","운동-스포츠 직접하기, 관광-여행, 사회교류"
53346834,202211,F,50대,부산광역시,300만원 미만,"문화예술 관람하기, 운동-스포츠 직접하기, 자기계발-자기관리, 사회교류","문화예술 관람하기, 운동-스포츠 직접하기, 자기계발-자기관리, 사회교류"
53335807,202211,F,50대,부산광역시,300만원 미만,오락-휴식,오락-휴식
53357750,202211,F,40대,부산광역시,300만원 미만,"문화예술 관람하기, 관광-여행, 오락-휴식, 사회교류","문화예술 관람하기, 관광-여행, 오락-휴식, 사회교류"
53350928,202211,F,40대,부산광역시,300만원 미만,"운동-스포츠 직접하기, 자기계발-자기관리, 사회교류","운동-스포츠 직접하기, 자기계발-자기관리, 사회교류"
53350982,202211,M,40대,부산광역시,300만원 미만,"스포츠 관람하기, 오락-휴식","스포츠 관람하기, 오락-휴식"
53357191,202211,M,40대,부산광역시,300만원 미만,"스포츠 관람하기, 운동-스포츠 직접하기, 관광-여행, 오락-휴식","문화예술 관람하기, 스포츠 관람하기, 운동-스포츠 직접하기, 관광-여행, 오락-휴식, 사회교류"
53360975,202211,F,40대,부산광역시,300만원 미만,"운동-스포츠 직접하기, 오락-휴식, 자기계발-자기관리, 사회교류","운동-스포츠 직접하기, 오락-휴식, 자기계발-자기관리, 사회교류"
53371340,202211,F,40대,부산광역시,300만원 미만,"문화예술 직접하기, 운동-스포츠 직접하기, 관광-여행, 자기계발-자기관리","문화예술 직접하기, 운동-스포츠 직접하기, 관광-여행, 자기계발-자기관리"
53331084,202211,M,40대,부산광역시,300만원 미만,"오락-휴식, 사회교류","오락-휴식, 사회교류"
53348514,202211,M,30대,부산광역시,300만원 미만,"스포츠 관람하기, 운동-스포츠 직접하기, 관광-여행, 오락-휴식, 자기계발-자기관리","스포츠 관람하기, 운동-스포츠 직접하기, 관광-여행, 오락-휴식, 자기계발-자기관리"
53357596,202211,M,30대,부산광역시,300만원 미만,"오락-휴식, 자기계발-자기관리, 사회교류","관광-여행, 오락-휴식, 자기계발-자기관리, 사회교류"
53347124,202211,M,30대,부산광역시,300만원 미만,"운동-스포츠 직접하기, 관광-여행, 오락-휴식","운동-스포츠 직접하기, 관광-여행, 오락-휴식"
53346144,202211,M,30대,부산광역시,300만원 미만,"문화예술 관람하기, 스포츠 관람하기, 운동-스포츠 직접하기, 오락-휴식","문화예술 관람하기, 문화예술 직접하기, 스포츠 관람하기, 운동-스포츠 직접하기, 관광-여행, 오락-휴식"
53374038,202211,M,30대,부산광역시,300만원 미만,오락-휴식,오락-휴식
53349526,202211,M,40대,부산광역시,300만원 미만,"운동-스포츠 직접하기, 오락-휴식","문화예술 관람하기, 스포츠 관람하기, 운동-스포츠 직접하기, 관광-여행, 오락-휴식"
53341474,202211,M,40대,부산광역시,300만원 미만,"문화예술 관람하기, 스포츠 관람하기, 관광-여행, 오락-휴식, 자기계발-자기관리, 사회교류","문화예술 관람하기, 스포츠 관람하기, 관광-여행, 오락-휴식, 자기계발-자기관리, 사회교류"
53340798,202211,M,30대,부산광역시,300만원 미만,"운동-스포츠 직접하기, 오락-휴식","운동-스포츠 직접하기, 오락-휴식"
53355973,202211,M,30대,부산광역시,300만원 미만,"오락-휴식, 사회교류","스포츠 관람하기, 오락-휴식, 사회교류"
53360501,202211,M,30대,부산광역시,300만원 미만,"운동-스포츠 직접하기, 관광-여행, 오락-휴식, 자기계발-자기관리","문화예술 관람하기, 문화예술 직접하기, 운동-스포츠 직접하기, 관광-여행, 오락-휴식, 자기계발-자기관리"
53327731,202211,F,30대,부산광역시,300만원 미만,사회교류,사회교류
53349668,202211,F,30대,부산광역시,300만원 미만,"문화예술 관람하기, 관광-여행, 오락-휴식, 자기계발-자기관리","문화예술 관람하기, 관광-여행, 오락-휴식, 자기계발-자기관리"
53362328,202211,M,30대,부산광역시,300만원 미만,"문화예술 관람하기, 오락-휴식","문화예술 관람하기, 문화예술 직접하기, 오락-휴식, 자기계발-자기관리"
53336970,202211,M,30대,부산광역시,300만원 미만,"문화예술 관람하기, 운동-스포츠 직접하기, 관광-여행, 오락-휴식, 사회교류","문화예술 관람하기, 운동-스포츠 직접하기, 관광-여행, 오락-휴식, 사회교류"
53347463,202211,F,30대,부산광역시,300만원 미만,"문화예술 관람하기, 스포츠 관람하기, 관광-여행, 오락-휴식, 자기계발-자기관리, 사회교류","문화예술 관람하기, 스포츠 관람하기, 관광-여행, 오락-휴식, 자기계발-자기관리, 사회교류"
53341199,202211,F,20대,부산광역시,300만원 미만,"문화예술 관람하기, 운동-스포츠 직접하기, 관광-여행, 오락-휴식, 자기계발-자기관리, 사회교류","문화예술 관람하기, 운동-스포츠 직접하기, 관광-여행, 오락-휴식, 자기계발-자기관리, 사회교류"
53375441,202211,F,20대,부산광역시,300만원 미만,"관광-여행, 오락-휴식, 자기계발-자기관리, 사회교류","문화예술 관람하기, 관광-여행, 오락-휴식, 자기계발-자기관리, 사회교류"
53367796,202211,M,20대,부산광역시,300만원 미만,사회교류,"문화예술 관람하기, 사회교류"
53360358,202211,M,20대,부산광역시,300만원 미만,"문화예술 관람하기, 오락-휴식, 자기계발-자기관리, 사회교류","문화예술 관람하기, 오락-휴식, 자기계발-자기관리, 사회교류"
53366499,202211,M,20대,부산광역시,300만원 미만,"운동-스포츠 직접하기, 관광-여행, 오락-휴식, 자기계발-자기관리, 사회교류","운동-스포츠 직접하기, 관광-여행, 오락-휴식, 자기계발-자기관리, 사회교류"
53329290,202211,M,20대,부산광역시,300만원 미만,"운동-스포츠 직접하기, 오락-휴식","운동-스포츠 직접하기, 오락-휴식"
53341876,202211,M,20대,부산광역시,300만원 미만,"운동-스포츠 직접하기, 관광-여행, 자기계발-자기관리, 사회교류","문화예술 관람하기, 운동-스포츠 직접하기, 관광-여행, 자기계발-자기관리, 사회교류"
53326463,202211,M,20대,부산광역시,300만원 미만,"운동-스포츠 직접하기, 관광-여행, 오락-휴식, 자기계발-자기관리, 사회교류","스포츠 관람하기, 운동-스포츠 직접하기, 관광-여행, 오락-휴식, 자기계발-자기관리, 사회교류"
53354781,202211,F,20대,부산광역시,300만원 미만,"오락-휴식, 자기계발-자기관리","문화예술 관람하기, 오락-휴식, 자기계발-자기관리"
53361417,202211,M,20대,부산광역시,300만원 미만,"운동-스포츠 직접하기, 관광-여행, 오락-휴식, 자기계발-자기관리, 사회교류","운동-스포츠 직접하기, 관광-여행, 오락-휴식, 자기계발-자기관리, 사회교류"
53345077,202211,M,20대,부산광역시,300만원 미만,오락-휴식,"관광-여행, 오락-휴식"
53356656,202211,M,20대,서울특별시,300만원 미만,"스포츠 관람하기, 운동-스포츠 직접하기, 오락-휴식, 자기계발-자기관리","문화예술 관람하기, 스포츠 관람하기, 운동-스포츠 직접하기, 오락-휴식, 자기계발-자기관리"
53323072,202211,M,20대,서울특별시,300만원 미만,"오락-휴식, 사회교류","문화예술 관람하기, 스포츠 관람하기, 관광-여행, 오락-휴식, 자기계발-자기관리, 사회교류"
53375837,202211,M,20대,서울특별시,300만원 미만,"문화예술 관람하기, 스포츠 관람하기, 운동-스포츠 직접하기, 관광-여행, 오락-휴식","문화예술 관람하기, 문화예술 직접하기, 스포츠 관람하기, 운동-스포츠 직접하기, 관광-여행, 오락-휴식"
53338919,202211,M,20대,서울특별시,300만원 미만,"운동-스포츠 직접하기, 오락-휴식","운동-스포츠 직접하기, 오락-휴식"
53323528,202211,M,20대,서울특별시,300만원 미만,"스포츠 관람하기, 관광-여행, 사회교류","스포츠 관람하기, 관광-여행, 사회교류"
53331438,202211,M,20대,서울특별시,300만원 미만,"오락-휴식, 자기계발-자기관리, 사회교류","관광-여행, 오락-휴식, 자기계발-자기관리, 사회교류"
53359308,202211,M,20대,서울특별시,300만원 미만,"문화예술 관람하기, 스포츠 관람하기, 운동-스포츠 직접하기, 관광-여행, 오락-휴식, 자기계발-자기관리, 사회교류","문화예술 관람하기, 문화예술 직접하기, 스포츠 관람하기, 운동-스포츠 직접하기, 관광-여행, 오락-휴식, 자기계발-자기관리, 사회교류"
53323752,202211,F,20대,서울특별시,300만원 미만,"운동-스포츠 직접하기, 관광-여행, 오락-휴식, 사회교류","운동-스포츠 직접하기, 관광-여행, 오락-휴식, 사회교류"
53354597,202211,M,20대,서울특별시,300만원 미만,"관광-여행, 자기계발-자기관리, 사회교류","문화예술 관람하기, 문화예술 직접하기, 스포츠 관람하기, 운동-스포츠 직접하기, 관광-여행, 오락-휴식, 자기계발-자기관리, 사회교류"
53371460,202211,M,20대,서울특별시,300만원 미만,"문화예술 관람하기, 운동-스포츠 직접하기, 관광-여행, 오락-휴식, 자기계발-자기관리","문화예술 관람하기, 운동-스포츠 직접하기, 관광-여행, 오락-휴식, 자기계발-자기관리"
53366426,202211,M,20대,서울특별시,300만원 미만,"운동-스포츠 직접하기, 관광-여행, 오락-휴식, 자기계발-자기관리","운동-스포츠 직접하기, 관광-여행, 오락-휴식, 자기계발-자기관리"
53369126,202211,M,20대,서울특별시,300만원 미만,"문화예술 관람하기, 운동-스포츠 직접하기, 관광-여행, 오락-휴식, 자기계발-자기관리","문화예술 관람하기, 운동-스포츠 직접하기, 관광-여행, 오락-휴식, 자기계발-자기관리"
53341899,202211,M,20대,서울특별시,300만원 미만,"스포츠 관람하기, 관광-여행","문화예술 관람하기, 스포츠 관람하기, 관광-여행"
53335837,202211,M,20대,서울특별시,300만원 미만,"운동-스포츠 직접하기, 관광-여행, 오락-휴식","운동-스포츠 직접하기, 관광-여행, 오락-휴식, 자기계발-자기관리"
53323483,202211,M,20대,서울특별시,300만원 미만,"문화예술 관람하기, 스포츠 관람하기, 운동-스포츠 직접하기, 관광-여행, 오락-휴식, 자기계발-자기관리, 사회교류","문화예술 관람하기, 스포츠 관람하기, 운동-스포츠 직접하기, 관광-여행, 오락-휴식, 자기계발-자기관리, 사회교류"
53341949,202211,M,20대,서울특별시,300만원 미만,"문화예술 직접하기, 스포츠 관람하기, 관광-여행, 사회교류","문화예술 직접하기, 스포츠 관람하기, 관광-여행, 사회교류"
53352766,202211,M,20대,서울특별시,300만원 미만,"문화예술 관람하기, 운동-스포츠 직접하기, 관광-여행, 오락-휴식, 자기계발-자기관리, 사회교류","문화예술 관람하기, 운동-스포츠 직접하기, 관광-여행, 오락-휴식, 자기계발-자기관리, 사회교류"
53355154,202211,M,20대,서울특별시,300만원 미만,"운동-스포츠 직접하기, 관광-여행, 오락-휴식, 사회교류","운동-스포츠 직접하기, 관광-여행, 오락-휴식, 자기계발-자기관리, 사회교류"
53325178,202211,M,20대,서울특별시,300만원 미만,"문화예술 관람하기, 관광-여행, 오락-휴식, 사회교류","문화예술 관람하기, 스포츠 관람하기, 관광-여행, 오락-휴식, 사회교류"
53370245,202211,F,20대,서울특별시,300만원 미만,"문화예술 관람하기, 운동-스포츠 직접하기, 오락-휴식, 사회교류","문화예술 관람하기, 운동-스포츠 직접하기, 관광-여행, 오락-휴식, 자기계발-자기관리, 사회교류"
53373447,202211,F,20대,서울특별시,300만원 미만,"오락-휴식, 자기계발-자기관리, 사회교류","문화예술 관람하기, 관광-여행, 오락-휴식, 자기계발-자기관리, 사회교류"
53324428,202211,F,20대,서울특별시,300만원 미만,"문화예술 관람하기, 스포츠 관람하기, 관광-여행, 오락-휴식, 자기계발-자기관리","문화예술 관람하기, 스포츠 관람하기, 관광-여행, 오락-휴식, 자기계발-자기관리"
53376055,202211,F,20대,서울특별시,300만원 미만,"문화예술 관람하기, 문화예술 직접하기, 오락-휴식, 자기계발-자기관리","문화예술 관람하기, 문화예술 직접하기, 오락-휴식, 자기계발-자기관리"
53355255,202211,F,20대,서울특별시,300만원 미만,"오락-휴식, 자기계발-자기관리, 사회교류","오락-휴식, 자기계발-자기관리, 사회교류"
53355024,202211,F,20대,서울특별시,300만원 미만,"문화예술 관람하기, 오락-휴식, 자기계발-자기관리","문화예술 관람하기, 오락-휴식, 자기계발-자기관리"
53357762,202211,F,20대,서울특별시,300만원 미만,"문화예술 관람하기, 스포츠 관람하기, 운동-스포츠 직접하기, 관광-여행, 오락-휴식, 자기계발-자기관리, 사회교류","문화예술 관람하기, 스포츠 관람하기, 운동-스포츠 직접하기, 관광-여행, 오락-휴식, 자기계발-자기관리, 사회교류"
53325074,202211,F,20대,서울특별시,300만원 미만,"문화예술 관람하기, 스포츠 관람하기, 운동-스포츠 직접하기, 관광-여행, 오락-휴식, 자기계발-자기관리","문화예술 관람하기, 문화예술 직접하기, 스포츠 관람하기, 운동-스포츠 직접하기, 관광-여행, 오락-휴식, 자기계발-자기관리"
53349218,202211,F,20대,서울특별시,300만원 미만,"문화예술 관람하기, 운동-스포츠 직접하기, 관광-여행, 오락-휴식, 자기계발-자기관리","문화예술 관람하기, 운동-스포츠 직접하기, 관광-여행, 오락-휴식, 자기계발-자기관리"
53362422,202211,F,30대,서울특별시,300만원 미만,"문화예술 관람하기, 오락-휴식","문화예술 관람하기, 오락-휴식"
53328989,202211,F,20대,서울특별시,300만원 미만,"문화예술 직접하기, 운동-스포츠 직접하기, 사회교류","문화예술 직접하기, 스포츠 관람하기, 운동-스포츠 직접하기, 사회교류"
53332300,202211,F,20대,서울특별시,300만원 미만,"문화예술 관람하기, 자기계발-자기관리","문화예술 관람하기, 자기계발-자기관리"
53331545,202211,F,20대,서울특별시,300만원 미만,"문화예술 관람하기, 관광-여행","문화예술 관람하기, 문화예술 직접하기, 관광-여행"
53373176,202211,M,30대,서울특별시,300만원 미만,"문화예술 관람하기, 관광-여행, 오락-휴식, 사회교류","문화예술 관람하기, 관광-여행, 오락-휴식, 사회교류"
53374329,202211,M,30대,서울특별시,300만원 미만,"문화예술 직접하기, 관광-여행","문화예술 직접하기, 운동-스포츠 직접하기, 관광-여행, 오락-휴식"
53376056,202211,M,30대,서울특별시,300만원 미만,"스포츠 관람하기, 오락-휴식, 사회교류","스포츠 관람하기, 오락-휴식, 사회교류"
53368466,202211,M,30대,서울특별시,300만원 미만,"운동-스포츠 직접하기, 관광-여행, 오락-휴식, 자기계발-자기관리, 사회교류","운동-스포츠 직접하기, 관광-여행, 오락-휴식, 자기계발-자기관리, 사회교류"
53356067,202211,M,30대,서울특별시,300만원 미만,오락-휴식,"문화예술 관람하기, 오락-휴식"
53324275,202211,F,30대,서울특별시,300만원 미만,"문화예술 관람하기, 스포츠 관람하기, 운동-스포츠 직접하기, 관광-여행, 오락-휴식, 자기계발-자기관리, 사회교류","문화예술 관람하기, 문화예술 직접하기, 스포츠 관람하기, 운동-스포츠 직접하기, 관광-여행, 오락-휴식, 자기계발-자기관리, 사회교류"
53366038,202211,F,30대,서울특별시,300만원 미만,"문화예술 관람하기, 문화예술 직접하기, 관광-여행, 사회교류","문화예술 관람하기, 문화예술 직접하기, 스포츠 관람하기, 운동-스포츠 직접하기, 관광-여행, 오락-휴식, 자기계발-자기관리, 사회교류"
53342999,202211,F,30대,서울특별시,300만원 미만,"문화예술 관람하기, 관광-여행, 오락-휴식","문화예술 관람하기, 관광-여행, 오락-휴식"
53369130,202211,F,30대,서울특별시,300만원 미만,"문화예술 관람하기, 운동-스포츠 직접하기, 오락-휴식, 자기계발-자기관리, 사회교류","문화예술 관람하기, 운동-스포츠 직접하기, 오락-휴식, 자기계발-자기관리, 사회교류"
53343383,202211,F,30대,서울특별시,300만원 미만,"문화예술 관람하기, 운동-스포츠 직접하기, 오락-휴식, 자기계발-자기관리, 사회교류","문화예술 관람하기, 운동-스포츠 직접하기, 오락-휴식, 자기계발-자기관리, 사회교류"
53331964,202211,F,30대,서울특별시,300만원 미만,"운동-스포츠 직접하기, 오락-휴식","운동-스포츠 직접하기, 오락-휴식"
53333582,202211,F,30대,서울특별시,300만원 미만,"문화예술 직접하기, 운동-스포츠 직접하기, 오락-휴식","문화예술 직접하기, 운동-스포츠 직접하기, 오락-휴식, 사회교류"
53355965,202211,M,40대,서울특별시,300만원 미만,"문화예술 관람하기, 운동-스포츠 직접하기, 관광-여행, 오락-휴식, 사회교류","문화예술 관람하기, 운동-스포츠 직접하기, 관광-여행, 오락-휴식, 자기계발-자기관리, 사회교류"
53345366,202211,M,40대,서울특별시,300만원 미만,"문화예술 관람하기, 스포츠 관람하기, 오락-휴식, 자기계발-자기관리","문화예술 관람하기, 스포츠 관람하기, 오락-휴식, 자기계발-자기관리, 사회교류"
53326972,202211,M,40대,서울특별시,300만원 미만,"운동-스포츠 직접하기, 오락-휴식","운동-스포츠 직접하기, 오락-휴식"
53324943,202211,M,40대,서울특별시,300만원 미만,"운동-스포츠 직접하기, 오락-휴식, 사회교류","운동-스포츠 직접하기, 오락-휴식, 사회교류"
53323975,202211,M,40대,서울특별시,300만원 미만,"스포츠 관람하기, 운동-스포츠 직접하기, 관광-여행, 오락-휴식","스포츠 관람하기, 운동-스포츠 직접하기, 관광-여행, 오락-휴식"
53373839,202211,M,30대,서울특별시,300만원 미만,"문화예술 관람하기, 스포츠 관람하기, 운동-스포츠 직접하기, 관광-여행, 오락-휴식, 자기계발-자기관리, 사회교류","문화예술 관람하기, 스포츠 관람하기, 운동-스포츠 직접하기, 관광-여행, 오락-휴식, 자기계발-자기관리, 사회교류"
53332791,202211,M,30대,서울특별시,300만원 미만,관광-여행,"스포츠 관람하기, 관광-여행"
53375298,202211,M,30대,서울특별시,300만원 미만,"문화예술 관람하기, 운동-스포츠 직접하기, 관광-여행, 오락-휴식, 자기계발-자기관리, 사회교류","문화예술 관람하기, 운동-스포츠 직접하기, 관광-여행, 오락-휴식, 자기계발-자기관리, 사회교류"
53338157,202211,M,40대,서울특별시,300만원 미만,"문화예술 관람하기, 문화예술 직접하기, 스포츠 관람하기, 운동-스포츠 직접하기, 관광-여행, 오락-휴식, 사회교류","문화예술 관람하기, 문화예술 직접하기, 스포츠 관람하기, 운동-스포츠 직접하기, 관광-여행, 오락-휴식, 사회교류"
53365962,202211,M,40대,서울특별시,300만원 미만,"문화예술 관람하기, 운동-스포츠 직접하기, 관광-여행, 오락-휴식, 사회교류","문화예술 관람하기, 운동-스포츠 직접하기, 관광-여행, 오락-휴식, 사회교류"
53323515,202211,F,40대,서울특별시,300만원 미만,"관광-여행, 자기계발-자기관리","문화예술 관람하기, 관광-여행, 자기계발-자기관리"
53374980,202211,F,40대,서울특별시,300만원 미만,"문화예술 직접하기, 운동-스포츠 직접하기, 오락-휴식, 자기계발-자기관리","문화예술 직접하기, 운동-스포츠 직접하기, 관광-여행, 오락-휴식, 자기계발-자기관리"
53351913,202211,F,40대,서울특별시,300만원 미만,"문화예술 관람하기, 오락-휴식, 사회교류","문화예술 관람하기, 오락-휴식, 사회교류"
53372536,202211,M,40대,서울특별시,300만원 미만,"운동-스포츠 직접하기, 오락-휴식, 자기계발-자기관리","운동-스포츠 직접하기, 오락-휴식, 자기계발-자기관리"
53330349,202211,M,40대,서울특별시,300만원 미만,"관광-여행, 오락-휴식, 자기계발-자기관리, 사회교류","관광-여행, 오락-휴식, 자기계발-자기관리, 사회교류"
53331263,202211,F,40대,서울특별시,300만원 미만,"문화예술 관람하기, 문화예술 직접하기, 스포츠 관람하기, 관광-여행, 오락-휴식, 자기계발-자기관리, 사회교류","문화예술 관람하기, 문화예술 직접하기, 스포츠 관람하기, 관광-여행, 오락-휴식, 자기계발-자기관리, 사회교류"
53364558,202211,F,40대,서울특별시,300만원 미만,"문화예술 관람하기, 스포츠 관람하기, 관광-여행, 오락-휴식, 자기계발-자기관리, 사회교류","문화예술 관람하기, 스포츠 관람하기, 관광-여행, 오락-휴식, 자기계발-자기관리, 사회교류"
53324430,202211,F,40대,서울특별시,300만원 미만,"문화예술 관람하기, 스포츠 관람하기, 운동-스포츠 직접하기, 관광-여행, 오락-휴식, 자기계발-자기관리, 사회교류","문화예술 관람하기, 스포츠 관람하기, 운동-스포츠 직접하기, 관광-여행, 오락-휴식, 자기계발-자기관리, 사회교류"
53362991,202211,F,40대,서울특별시,300만원 미만,"문화예술 관람하기, 운동-스포츠 직접하기, 관광-여행, 오락-휴식, 사회교류","문화예술 관람하기, 운동-스포츠 직접하기, 관광-여행, 오락-휴식, 사회교류"
53329593,202211,F,40대,서울특별시,300만원 미만,"문화예술 관람하기, 자기계발-자기관리, 사회교류","문화예술 관람하기, 운동-스포츠 직접하기, 관광-여행, 오락-휴식, 자기계발-자기관리, 사회교류"
53345206,202211,F,40대,서울특별시,300만원 미만,"문화예술 관람하기, 관광-여행, 사회교류","문화예술 관람하기, 관광-여행, 오락-휴식, 자기계발-자기관리, 사회교류"
53342409,202211,F,50대,서울특별시,300만원 미만,"운동-스포츠 직접하기, 사회교류","운동-스포츠 직접하기, 사회교류"
53356322,202211,F,50대,서울특별시,300만원 미만,"관광-여행, 자기계발-자기관리, 사회교류","관광-여행, 자기계발-자기관리, 사회교류"
53325038,202211,F,50대,서울특별시,300만원 미만,"스포츠 관람하기, 운동-스포츠 직접하기, 오락-휴식","스포츠 관람하기, 운동-스포츠 직접하기, 오락-휴식"
53338365,202211,F,50대,서울특별시,300만원 미만,"문화예술 직접하기, 관광-여행","문화예술 직접하기, 관광-여행"
53322914,202211,F,50대,서울특별시,300만원 미만,"운동-스포츠 직접하기, 사회교류","문화예술 관람하기, 운동-스포츠 직접하기, 자기계발-자기관리, 사회교류"
53377176,202211,F,50대,서울특별시,300만원 미만,"운동-스포츠 직접하기, 오락-휴식, 자기계발-자기관리, 사회교류","문화예술 관람하기, 문화예술 직접하기, 운동-스포츠 직접하기, 관광-여행, 오락-휴식, 자기계발-자기관리, 사회교류"
53325395,202211,F,50대,서울특별시,300만원 미만,"운동-스포츠 직접하기, 자기계발-자기관리","운동-스포츠 직접하기, 자기계발-자기관리"
53322245,202211,F,50대,서울특별시,300만원 미만,"문화예술 관람하기, 운동-스포츠 직접하기, 관광-여행, 사회교류","문화예술 관람하기, 스포츠 관람하기, 운동-스포츠 직접하기, 관광-여행, 오락-휴식, 자기계발-자기관리, 사회교류"
53369480,202211,F,50대,서울특별시,300만원 미만,"문화예술 관람하기, 스포츠 관람하기, 운동-스포츠 직접하기, 관광-여행, 오락-휴식, 자기계발-자기관리, 사회교류","문화예술 관람하기, 문화예술 직접하기, 스포츠 관람하기, 운동-스포츠 직접하기, 관광-여행, 오락-휴식, 자기계발-자기관리, 사회교류"
53326275,202211,F,50대,서울특별시,300만원 미만,"스포츠 관람하기, 오락-휴식","문화예술 관람하기, 스포츠 관람하기, 오락-휴식, 자기계발-자기관리"
53350511,202211,M,50대,서울특별시,300만원 미만,"문화예술 관람하기, 관광-여행, 오락-휴식","문화예술 관람하기, 스포츠 관람하기, 관광-여행, 오락-휴식"
53349005,202211,M,50대,서울특별시,300만원 미만,"스포츠 관람하기, 운동-스포츠 직접하기, 오락-휴식, 사회교류","스포츠 관람하기, 운동-스포츠 직접하기, 오락-휴식, 사회교류"
53345034,202211,M,50대,서울특별시,300만원 미만,"문화예술 관람하기, 운동-스포츠 직접하기, 관광-여행, 사회교류","문화예술 관람하기, 운동-스포츠 직접하기, 관광-여행, 사회교류"
53352551,202211,M,50대,서울특별시,300만원 미만,"관광-여행, 오락-휴식","문화예술 관람하기, 스포츠 관람하기, 관광-여행, 오락-휴식"
53352155,202211,M,50대,서울특별시,300만원 미만,"문화예술 관람하기, 관광-여행, 오락-휴식","문화예술 관람하기, 스포츠 관람하기, 관광-여행, 오락-휴식"
53351924,202211,M,50대,서울특별시,300만원 미만,"문화예술 관람하기, 운동-스포츠 직접하기, 관광-여행, 오락-휴식","문화예술 관람하기, 운동-스포츠 직접하기, 관광-여행, 오락-휴식, 자기계발-자기관리"
53349663,202211,F,50대,서울특별시,300만원 미만,"문화예술 관람하기, 스포츠 관람하기, 관광-여행, 오락-휴식, 자기계발-자기관리, 사회교류","문화예술 관람하기, 스포츠 관람하기, 관광-여행, 오락-휴식, 자기계발-자기관리, 사회교류"
53365639,202211,F,50대,서울특별시,300만원 미만,자기계발-자기관리,"문화예술 관람하기, 자기계발-자기관리"
53372731,202211,M,60대,서울특별시,300만원 미만,"문화예술 관람하기, 운동-스포츠 직접하기, 관광-여행, 오락-휴식, 자기계발-자기관리, 사회교류","문화예술 관람하기, 운동-스포츠 직접하기, 관광-여행, 오락-휴식, 자기계발-자기관리, 사회교류"
53363028,202211,M,60대,서울특별시,300만원 미만,"문화예술 관람하기, 스포츠 관람하기, 운동-스포츠 직접하기, 관광-여행, 오락-휴식, 자기계발-자기관리","문화예술 관람하기, 스포츠 관람하기, 운동-스포츠 직접하기, 관광-여행, 오락-휴식, 자기계발-자기관리"
53325127,202211,M,60대,서울특별시,300만원 미만,"문화예술 관람하기, 관광-여행","문화예술 관람하기, 관광-여행"
53341329,202211,M,60대,서울특별시,300만원 미만,"스포츠 관람하기, 오락-휴식, 자기계발-자기관리","문화예술 직접하기, 스포츠 관람하기, 오락-휴식, 자기계발-자기관리"
53375619,202211,M,60대,서울특별시,300만원 미만,"스포츠 관람하기, 운동-스포츠 직접하기, 관광-여행, 오락-휴식, 자기계발-자기관리, 사회교류","스포츠 관람하기, 운동-스포츠 직접하기, 관광-여행, 오락-휴식, 자기계발-자기관리, 사회교류"
53324755,202211,M,60대,서울특별시,300만원 미만,"운동-스포츠 직접하기, 관광-여행, 오락-휴식, 사회교류","운동-스포츠 직접하기, 관광-여행, 오락-휴식, 사회교류"
53325306,202211,M,60대,서울특별시,300만원 미만,"오락-휴식, 사회교류","오락-휴식, 사회교류"
53375662,202211,M,60대,서울특별시,300만원 미만,"문화예술 관람하기, 스포츠 관람하기, 운동-스포츠 직접하기, 관광-여행, 오락-휴식, 사회교류","문화예술 관람하기, 스포츠 관람하기, 운동-스포츠 직접하기, 관광-여행, 오락-휴식, 사회교류"
53344884,202211,M,60대,서울특별시,300만원 미만,"문화예술 관람하기, 스포츠 관람하기, 운동-스포츠 직접하기, 관광-여행, 오락-휴식, 사회교류","문화예술 관람하기, 스포츠 관람하기, 운동-스포츠 직접하기, 관광-여행, 오락-휴식, 사회교류"
53334271,202211,M,50대,서울특별시,300만원 미만,"운동-스포츠 직접하기, 자기계발-자기관리","운동-스포츠 직접하기, 자기계발-자기관리, 사회교류"
53323698,202211,M,50대,서울특별시,300만원 미만,"운동-스포츠 직접하기, 관광-여행, 자기계발-자기관리","문화예술 직접하기, 운동-스포츠 직접하기, 관광-여행, 자기계발-자기관리"
53322622,202211,M,60대,서울특별시,300만원 미만,"문화예술 관람하기, 운동-스포츠 직접하기, 오락-휴식","문화예술 관람하기, 운동-스포츠 직접하기, 관광-여행, 오락-휴식"
53323928,202211,M,50대,서울특별시,300만원 미만,"문화예술 관람하기, 오락-휴식, 자기계발-자기관리","문화예술 관람하기, 오락-휴식, 자기계발-자기관리"
53325069,202211,M,50대,서울특별시,300만원 미만,"스포츠 관람하기, 관광-여행","스포츠 관람하기, 관광-여행"
53322490,202211,F,60대,서울특별시,300만원 미만,"문화예술 관람하기, 스포츠 관람하기, 운동-스포츠 직접하기, 관광-여행, 오락-휴식, 자기계발-자기관리, 사회교류","문화예술 관람하기, 스포츠 관람하기, 운동-스포츠 직접하기, 관광-여행, 오락-휴식, 자기계발-자기관리, 사회교류"
53342793,202211,F,60대,서울특별시,300만원 미만,"문화예술 관람하기, 문화예술 직접하기, 운동-스포츠 직접하기, 관광-여행, 오락-휴식, 자기계발-자기관리, 사회교류","문화예술 관람하기, 문화예술 직접하기, 운동-스포츠 직접하기, 관광-여행, 오락-휴식, 자기계발-자기관리, 사회교류"
53348366,202211,F,60대,서울특별시,300만원 미만,"문화예술 관람하기, 운동-스포츠 직접하기, 관광-여행, 오락-휴식, 자기계발-자기관리, 사회교류","문화예술 관람하기, 운동-스포츠 직접하기, 관광-여행, 오락-휴식, 자기계발-자기관리, 사회교류"
53322583,202211,F,60대,서울특별시,300만원 미만,사회교류,사회교류
53365304,202211,F,60대,서울특별시,300만원 미만,"운동-스포츠 직접하기, 관광-여행, 오락-휴식, 사회교류","운동-스포츠 직접하기, 관광-여행, 오락-휴식, 자기계발-자기관리, 사회교류"
53373742,202211,F,60대,서울특별시,300만원 미만,"문화예술 직접하기, 스포츠 관람하기, 관광-여행, 오락-휴식, 자기계발-자기관리","문화예술 관람하기, 문화예술 직접하기, 스포츠 관람하기, 관광-여행, 오락-휴식, 자기계발-자기관리"
53369321,202211,F,60대,서울특별시,300만원 미만,문화예술 관람하기,"문화예술 관람하기, 관광-여행"
53349792,202211,F,60대,서울특별시,300만원 미만,"오락-휴식, 사회교류","문화예술 관람하기, 관광-여행, 오락-휴식, 자기계발-자기관리, 사회교류"
53332521,202211,F,60대,서울특별시,300만원 미만,"운동-스포츠 직접하기, 사회교류","운동-스포츠 직접하기, 사회교류"
53324858,202211,F,60대,서울특별시,300만원 미만,"문화예술 관람하기, 운동-스포츠 직접하기, 자기계발-자기관리","문화예술 관람하기, 운동-스포츠 직접하기, 관광-여행, 자기계발-자기관리"
53350406,202211,F,60대,서울특별시,300만원 미만,"문화예술 관람하기, 스포츠 관람하기, 운동-스포츠 직접하기, 오락-휴식, 자기계발-자기관리","문화예술 관람하기, 스포츠 관람하기, 운동-스포츠 직접하기, 오락-휴식, 자기계발-자기관리"
53323016,202211,F,60대,서울특별시,300만원 미만,"운동-스포츠 직접하기, 관광-여행, 사회교류","운동-스포츠 직접하기, 관광-여행, 사회교류"
53322977,202211,F,60대,서울특별시,300이상500만원 미만,"문화예술 관람하기, 운동-스포츠 직접하기, 관광-여행, 오락-휴식, 자기계발-자기관리, 사회교류","문화예술 관람하기, 문화예술 직접하기, 운동-스포츠 직접하기, 관광-여행, 오락-휴식, 자기계발-자기관리, 사회교류"
53323802,202211,F,60대,서울특별시,300이상500만원 미만,"관광-여행, 오락-휴식, 자기계발-자기관리, 사회교류","운동-스포츠 직접하기, 관광-여행, 오락-휴식, 자기계발-자기관리, 사회교류"
53322496,202211,F,60대,서울특별시,300이상500만원 미만,"문화예술 관람하기, 관광-여행, 오락-휴식, 자기계발-자기관리, 사회교류","문화예술 관람하기, 문화예술 직접하기, 관광-여행, 오락-휴식, 자기계발-자기관리, 사회교류"
53341231,202211,F,60대,서울특별시,300이상500만원 미만,"문화예술 관람하기, 스포츠 관람하기, 오락-휴식, 사회교류","문화예술 관람하기, 스포츠 관람하기, 오락-휴식, 사회교류"
53338003,202211,F,60대,서울특별시,300이상500만원 미만,"운동-스포츠 직접하기, 관광-여행, 오락-휴식, 사회교류","운동-스포츠 직접하기, 관광-여행, 오락-휴식, 자기계발-자기관리, 사회교류"
53325282,202211,F,60대,서울특별시,300이상500만원 미만,"관광-여행, 오락-휴식, 자기계발-자기관리, 사회교류","문화예술 직접하기, 관광-여행, 오락-휴식, 자기계발-자기관리, 사회교류"
53344014,202211,F,60대,서울특별시,300이상500만원 미만,"스포츠 관람하기, 운동-스포츠 직접하기, 오락-휴식","스포츠 관람하기, 운동-스포츠 직접하기, 오락-휴식"
53343566,202211,F,60대,서울특별시,300이상500만원 미만,"관광-여행, 오락-휴식, 자기계발-자기관리, 사회교류","관광-여행, 오락-휴식, 자기계발-자기관리, 사회교류"
53374001,202211,F,60대,서울특별시,300이상500만원 미만,"문화예술 관람하기, 관광-여행, 오락-휴식, 사회교류","문화예술 관람하기, 관광-여행, 오락-휴식, 사회교류"
53335348,202211,F,60대,서울특별시,300이상500만원 미만,"문화예술 관람하기, 운동-스포츠 직접하기, 관광-여행, 사회교류","문화예술 관람하기, 운동-스포츠 직접하기, 관광-여행, 사회교류"
53363608,202211,M,60대,서울특별시,300이상500만원 미만,"스포츠 관람하기, 운동-스포츠 직접하기, 관광-여행, 오락-휴식","스포츠 관람하기, 운동-스포츠 직접하기, 관광-여행, 오락-휴식"
53366757,202211,M,60대,서울특별시,300이상500만원 미만,"문화예술 직접하기, 운동-스포츠 직접하기, 오락-휴식, 자기계발-자기관리","문화예술 직접하기, 운동-스포츠 직접하기, 오락-휴식, 자기계발-자기관리"
53322357,202211,F,60대,서울특별시,300이상500만원 미만,"문화예술 관람하기, 운동-스포츠 직접하기, 관광-여행, 오락-휴식, 사회교류","문화예술 관람하기, 운동-스포츠 직접하기, 관광-여행, 오락-휴식, 사회교류"
53322551,202211,F,60대,서울특별시,300이상500만원 미만,"문화예술 관람하기, 문화예술 직접하기, 운동-스포츠 직접하기, 관광-여행, 오락-휴식, 자기계발-자기관리, 사회교류","문화예술 관람하기, 문화예술 직접하기, 운동-스포츠 직접하기, 관광-여행, 오락-휴식, 자기계발-자기관리, 사회교류"
53348243,202211,F,60대,서울특별시,300이상500만원 미만,"문화예술 직접하기, 운동-스포츠 직접하기, 오락-휴식, 자기계발-자기관리, 사회교류","문화예술 직접하기, 운동-스포츠 직접하기, 관광-여행, 오락-휴식, 자기계발-자기관리, 사회교류"
53353928,202211,F,60대,서울특별시,300이상500만원 미만,"문화예술 관람하기, 자기계발-자기관리","문화예술 관람하기, 관광-여행, 자기계발-자기관리"
53325200,202211,M,60대,서울특별시,300이상500만원 미만,"문화예술 관람하기, 운동-스포츠 직접하기, 관광-여행, 오락-휴식, 자기계발-자기관리, 사회교류","문화예술 관람하기, 운동-스포츠 직접하기, 관광-여행, 오락-휴식, 자기계발-자기관리, 사회교류"
53325835,202211,M,60대,서울특별시,300이상500만원 미만,"문화예술 관람하기, 스포츠 관람하기, 운동-스포츠 직접하기, 관광-여행, 오락-휴식, 자기계발-자기관리","문화예술 관람하기, 스포츠 관람하기, 운동-스포츠 직접하기, 관광-여행, 오락-휴식, 자기계발-자기관리"
53351416,202211,M,60대,서울특별시,300이상500만원 미만,"문화예술 관람하기, 스포츠 관람하기, 운동-스포츠 직접하기, 관광-여행, 오락-휴식, 자기계발-자기관리, 사회교류","문화예술 관람하기, 스포츠 관람하기, 운동-스포츠 직접하기, 관광-여행, 오락-휴식, 자기계발-자기관리, 사회교류"
53353189,202211,M,60대,서울특별시,300이상500만원 미만,"운동-스포츠 직접하기, 관광-여행, 오락-휴식","문화예술 관람하기, 운동-스포츠 직접하기, 관광-여행, 오락-휴식"
53376796,202211,M,50대,서울특별시,300이상500만원 미만,"문화예술 관람하기, 스포츠 관람하기, 관광-여행, 오락-휴식, 자기계발-자기관리, 사회교류","문화예술 관람하기, 스포츠 관람하기, 관광-여행, 오락-휴식, 자기계발-자기관리, 사회교류"
53336172,202211,M,60대,서울특별시,300이상500만원 미만,"관광-여행, 자기계발-자기관리","운동-스포츠 직접하기, 관광-여행, 자기계발-자기관리"
53344786,202211,M,60대,서울특별시,300이상500만원 미만,관광-여행,"운동-스포츠 직접하기, 관광-여행"
53324826,202211,M,60대,서울특별시,300이상500만원 미만,"스포츠 관람하기, 관광-여행, 오락-휴식","문화예술 관람하기, 스포츠 관람하기, 관광-여행, 오락-휴식"
53323938,202211,M,60대,서울특별시,300이상500만원 미만,"문화예술 관람하기, 스포츠 관람하기, 운동-스포츠 직접하기, 관광-여행, 오락-휴식, 자기계발-자기관리, 사회교류","문화예술 관람하기, 스포츠 관람하기, 운동-스포츠 직접하기, 관광-여행, 오락-휴식, 자기계발-자기관리, 사회교류"
53323783,202211,M,60대,서울특별시,300이상500만원 미만,"문화예술 관람하기, 스포츠 관람하기, 관광-여행, 오락-휴식, 사회교류","문화예술 관람하기, 스포츠 관람하기, 관광-여행, 오락-휴식, 사회교류"
53343690,202211,M,60대,서울특별시,300이상500만원 미만,"문화예술 관람하기, 스포츠 관람하기, 오락-휴식","문화예술 관람하기, 스포츠 관람하기, 오락-휴식"
53324332,202211,M,60대,서울특별시,300이상500만원 미만,"문화예술 직접하기, 스포츠 관람하기, 운동-스포츠 직접하기, 관광-여행, 오락-휴식, 사회교류","문화예술 직접하기, 스포츠 관람하기, 운동-스포츠 직접하기, 관광-여행, 오락-휴식, 자기계발-자기관리, 사회교류"
53324716,202211,M,60대,서울특별시,300이상500만원 미만,"관광-여행, 사회교류","문화예술 관람하기, 관광-여행, 사회교류"
53364288,202211,M,60대,서울특별시,300이상500만원 미만,"운동-스포츠 직접하기, 관광-여행, 오락-휴식","문화예술 관람하기, 운동-스포츠 직접하기, 관광-여행, 오락-휴식, 자기계발-자기관리"
53325643,202211,F,50대,서울특별시,300이상500만원 미만,"문화예술 관람하기, 관광-여행, 오락-휴식, 사회교류","문화예술 관람하기, 문화예술 직접하기, 관광-여행, 오락-휴식, 사회교류"
53337691,202211,F,50대,서울특별시,300이상500만원 미만,"문화예술 관람하기, 관광-여행, 오락-휴식","문화예술 관람하기, 관광-여행, 오락-휴식"
53322420,202211,F,50대,서울특별시,300이상500만원 미만,"스포츠 관람하기, 관광-여행, 오락-휴식, 자기계발-자기관리, 사회교류","스포츠 관람하기, 관광-여행, 오락-휴식, 자기계발-자기관리, 사회교류"
53322252,202211,M,50대,서울특별시,300이상500만원 미만,"운동-스포츠 직접하기, 관광-여행, 오락-휴식, 자기계발-자기관리","운동-스포츠 직접하기, 관광-여행, 오락-휴식, 자기계발-자기관리"
53324637,202211,M,50대,서울특별시,300이상500만원 미만,"문화예술 관람하기, 운동-스포츠 직접하기, 관광-여행, 오락-휴식, 자기계발-자기관리, 사회교류","문화예술 관람하기, 운동-스포츠 직접하기, 관광-여행, 오락-휴식, 자기계발-자기관리, 사회교류"
53327714,202211,M,50대,서울특별시,300이상500만원 미만,관광-여행,관광-여행
53358003,202211,F,50대,서울특별시,300이상500만원 미만,"문화예술 관람하기, 운동-스포츠 직접하기, 관광-여행, 오락-휴식","문화예술 관람하기, 운동-스포츠 직접하기, 관광-여행, 오락-휴식"
53354755,202211,M,50대,서울특별시,300이상500만원 미만,"운동-스포츠 직접하기, 관광-여행","운동-스포츠 직접하기, 관광-여행"
53346046,202211,M,50대,서울특별시,300이상500만원 미만,"문화예술 관람하기, 운동-스포츠 직접하기, 관광-여행, 오락-휴식, 사회교류","문화예술 관람하기, 운동-스포츠 직접하기, 관광-여행, 오락-휴식, 사회교류"
53326148,202211,M,50대,서울특별시,300이상500만원 미만,사회교류,"문화예술 직접하기, 자기계발-자기관리, 사회교류"
53324749,202211,M,50대,서울특별시,300이상500만원 미만,"스포츠 관람하기, 운동-스포츠 직접하기, 오락-휴식, 사회교류","스포츠 관람하기, 운동-스포츠 직접하기, 관광-여행, 오락-휴식, 사회교류"
53322254,202211,M,50대,서울특별시,300이상500만원 미만,"관광-여행, 오락-휴식, 자기계발-자기관리, 사회교류","관광-여행, 오락-휴식, 자기계발-자기관리, 사회교류"
53334265,202211,M,50대,서울특별시,300이상500만원 미만,"문화예술 관람하기, 운동-스포츠 직접하기, 오락-휴식, 사회교류","문화예술 관람하기, 운동-스포츠 직접하기, 관광-여행, 오락-휴식, 사회교류"
53324593,202211,M,50대,서울특별시,300이상500만원 미만,"운동-스포츠 직접하기, 오락-휴식, 자기계발-자기관리, 사회교류","문화예술 관람하기, 운동-스포츠 직접하기, 관광-여행, 오락-휴식, 자기계발-자기관리, 사회교류"
53363693,202211,F,50대,서울특별시,300이상500만원 미만,문화예술 관람하기,"문화예술 관람하기, 자기계발-자기관리"
53368115,202211,F,50대,서울특별시,300이상500만원 미만,"문화예술 관람하기, 관광-여행, 오락-휴식, 사회교류","문화예술 관람하기, 관광-여행, 오락-휴식, 사회교류"
53324030,202211,F,50대,서울특별시,300이상500만원 미만,"문화예술 관람하기, 문화예술 직접하기, 스포츠 관람하기, 운동-스포츠 직접하기, 관광-여행, 오락-휴식, 자기계발-자기관리, 사회교류","문화예술 관람하기, 문화예술 직접하기, 스포츠 관람하기, 운동-스포츠 직접하기, 관광-여행, 오락-휴식, 자기계발-자기관리, 사회교류"
53356432,202211,F,50대,서울특별시,300이상500만원 미만,"문화예술 관람하기, 스포츠 관람하기, 운동-스포츠 직접하기, 관광-여행, 오락-휴식, 사회교류","문화예술 관람하기, 스포츠 관람하기, 운동-스포츠 직접하기, 관광-여행, 오락-휴식, 사회교류"
53348632,202211,F,40대,서울특별시,300이상500만원 미만,"문화예술 관람하기, 문화예술 직접하기, 운동-스포츠 직접하기, 관광-여행, 오락-휴식, 자기계발-자기관리","문화예술 관람하기, 문화예술 직접하기, 운동-스포츠 직접하기, 관광-여행, 오락-휴식, 자기계발-자기관리"
53334080,202211,F,50대,서울특별시,300이상500만원 미만,"문화예술 관람하기, 문화예술 직접하기, 운동-스포츠 직접하기, 오락-휴식, 자기계발-자기관리","문화예술 관람하기, 문화예술 직접하기, 스포츠 관람하기, 운동-스포츠 직접하기, 오락-휴식, 자기계발-자기관리"
53333757,202211,F,40대,서울특별시,300이상500만원 미만,"문화예술 관람하기, 운동-스포츠 직접하기, 관광-여행, 오락-휴식, 자기계발-자기관리, 사회교류","문화예술 관람하기, 운동-스포츠 직접하기, 관광-여행, 오락-휴식, 자기계발-자기관리, 사회교류"
53325309,202211,F,40대,서울특별시,300이상500만원 미만,오락-휴식,오락-휴식
53324422,202211,F,40대,서울특별시,300이상500만원 미만,"관광-여행, 오락-휴식, 자기계발-자기관리","문화예술 관람하기, 관광-여행, 오락-휴식, 자기계발-자기관리"
53335791,202211,F,50대,서울특별시,300이상500만원 미만,"문화예술 관람하기, 문화예술 직접하기, 운동-스포츠 직접하기, 관광-여행, 오락-휴식, 자기계발-자기관리, 사회교류","문화예술 관람하기, 문화예술 직접하기, 운동-스포츠 직접하기, 관광-여행, 오락-휴식, 자기계발-자기관리, 사회교류"
53325277,202211,F,50대,서울특별시,300이상500만원 미만,"운동-스포츠 직접하기, 관광-여행, 사회교류","운동-스포츠 직접하기, 관광-여행, 사회교류"
53366672,202211,F,40대,서울특별시,300이상500만원 미만,"문화예술 관람하기, 운동-스포츠 직접하기, 관광-여행, 오락-휴식, 자기계발-자기관리, 사회교류","문화예술 관람하기, 문화예술 직접하기, 운동-스포츠 직접하기, 관광-여행, 오락-휴식, 자기계발-자기관리, 사회교류"
53376818,202211,F,50대,서울특별시,300이상500만원 미만,"문화예술 관람하기, 운동-스포츠 직접하기, 관광-여행, 오락-휴식, 자기계발-자기관리","문화예술 관람하기, 문화예술 직접하기, 운동-스포츠 직접하기, 관광-여행, 오락-휴식, 자기계발-자기관리"
53362729,202211,F,40대,서울특별시,300이상500만원 미만,"관광-여행, 오락-휴식, 사회교류","운동-스포츠 직접하기, 관광-여행, 오락-휴식, 사회교류"
53347385,202211,F,40대,서울특별시,300이상500만원 미만,"문화예술 관람하기, 스포츠 관람하기, 운동-스포츠 직접하기, 관광-여행, 오락-휴식, 자기계발-자기관리, 사회교류","문화예술 관람하기, 스포츠 관람하기, 운동-스포츠 직접하기, 관광-여행, 오락-휴식, 자기계발-자기관리, 사회교류"
53324852,202211,F,40대,서울특별시,300이상500만원 미만,오락-휴식,오락-휴식
53370263,202211,F,40대,서울특별시,300이상500만원 미만,사회교류,"문화예술 직접하기, 사회교류"
53355729,202211,F,40대,서울특별시,300이상500만원 미만,"문화예술 관람하기, 운동-스포츠 직접하기, 관광-여행, 오락-휴식","문화예술 관람하기, 운동-스포츠 직접하기, 관광-여행, 오락-휴식"
53375535,202211,F,40대,서울특별시,300이상500만원 미만,"문화예술 관람하기, 스포츠 관람하기, 관광-여행, 오락-휴식, 자기계발-자기관리, 사회교류","문화예술 관람하기, 스포츠 관람하기, 관광-여행, 오락-휴식, 자기계발-자기관리, 사회교류"
53331271,202211,M,40대,서울특별시,300이상500만원 미만,"문화예술 관람하기, 관광-여행, 오락-휴식, 사회교류","문화예술 관람하기, 스포츠 관람하기, 관광-여행, 오락-휴식, 사회교류"
53325006,202211,M,40대,서울특별시,300이상500만원 미만,"운동-스포츠 직접하기, 오락-휴식","문화예술 관람하기, 운동-스포츠 직접하기, 관광-여행, 오락-휴식, 자기계발-자기관리"
53323638,202211,M,40대,서울특별시,300이상500만원 미만,"문화예술 관람하기, 문화예술 직접하기, 스포츠 관람하기, 운동-스포츠 직접하기, 관광-여행, 오락-휴식, 자기계발-자기관리, 사회교류","문화예술 관람하기, 문화예술 직접하기, 스포츠 관람하기, 운동-스포츠 직접하기, 관광-여행, 오락-휴식, 자기계발-자기관리, 사회교류"
53350544,202211,M,40대,서울특별시,300이상500만원 미만,"운동-스포츠 직접하기, 관광-여행, 오락-휴식, 사회교류","운동-스포츠 직접하기, 관광-여행, 오락-휴식, 사회교류"
53346724,202211,M,40대,서울특별시,300이상500만원 미만,"스포츠 관람하기, 운동-스포츠 직접하기, 관광-여행, 오락-휴식, 사회교류","스포츠 관람하기, 운동-스포츠 직접하기, 관광-여행, 오락-휴식, 사회교류"
53334154,202211,M,40대,서울특별시,300이상500만원 미만,"관광-여행, 오락-휴식","문화예술 관람하기, 운동-스포츠 직접하기, 관광-여행, 오락-휴식"
53341119,202211,F,40대,서울특별시,300이상500만원 미만,"문화예술 관람하기, 관광-여행, 오락-휴식, 사회교류","문화예술 관람하기, 관광-여행, 오락-휴식, 사회교류"
53369344,202211,M,40대,서울특별시,300이상500만원 미만,오락-휴식,오락-휴식
53358271,202211,M,40대,서울특별시,300이상500만원 미만,문화예술 직접하기,"문화예술 직접하기, 스포츠 관람하기, 자기계발-자기관리"
53369014,202211,M,40대,서울특별시,300이상500만원 미만,"문화예술 관람하기, 운동-스포츠 직접하기, 관광-여행, 오락-휴식, 자기계발-자기관리, 사회교류","문화예술 관람하기, 운동-스포츠 직접하기, 관광-여행, 오락-휴식, 자기계발-자기관리, 사회교류"
53324078,202211,M,40대,서울특별시,300이상500만원 미만,"문화예술 관람하기, 스포츠 관람하기, 오락-휴식, 사회교류","문화예술 관람하기, 스포츠 관람하기, 관광-여행, 오락-휴식, 사회교류"
53325320,202211,M,30대,서울특별시,300이상500만원 미만,"문화예술 관람하기, 관광-여행","문화예술 관람하기, 관광-여행"
53365045,202211,M,30대,서울특별시,300이상500만원 미만,"문화예술 직접하기, 운동-스포츠 직접하기, 자기계발-자기관리, 사회교류","문화예술 직접하기, 운동-스포츠 직접하기, 자기계발-자기관리, 사회교류"
53341176,202211,M,40대,서울특별시,300이상500만원 미만,"운동-스포츠 직접하기, 오락-휴식","운동-스포츠 직접하기, 관광-여행, 오락-휴식"
53335631,202211,M,30대,서울특별시,300이상500만원 미만,"운동-스포츠 직접하기, 관광-여행, 오락-휴식, 자기계발-자기관리, 사회교류","운동-스포츠 직접하기, 관광-여행, 오락-휴식, 자기계발-자기관리, 사회교류"
53335617,202211,M,30대,서울특별시,300이상500만원 미만,"문화예술 관람하기, 관광-여행, 오락-휴식, 자기계발-자기관리","문화예술 관람하기, 관광-여행, 오락-휴식, 자기계발-자기관리"
53327932,202211,M,30대,서울특별시,300이상500만원 미만,문화예술 직접하기,"문화예술 직접하기, 자기계발-자기관리, 사회교류"
53324517,202211,M,30대,서울특별시,300이상500만원 미만,"문화예술 관람하기, 관광-여행","문화예술 관람하기, 관광-여행"
53363819,202211,M,40대,서울특별시,300이상500만원 미만,"문화예술 관람하기, 오락-휴식","문화예술 관람하기, 오락-휴식"
53323260,202211,M,40대,서울특별시,300이상500만원 미만,"문화예술 관람하기, 관광-여행, 오락-휴식, 자기계발-자기관리, 사회교류","문화예술 관람하기, 문화예술 직접하기, 관광-여행, 오락-휴식, 자기계발-자기관리, 사회교류"
53326639,202211,M,40대,서울특별시,300이상500만원 미만,"문화예술 관람하기, 운동-스포츠 직접하기, 관광-여행, 오락-휴식, 사회교류","문화예술 관람하기, 문화예술 직접하기, 운동-스포츠 직접하기, 관광-여행, 오락-휴식, 자기계발-자기관리, 사회교류"
53367940,202211,M,40대,서울특별시,300이상500만원 미만,"스포츠 관람하기, 오락-휴식","문화예술 관람하기, 스포츠 관람하기, 관광-여행, 오락-휴식"
53354607,202211,M,40대,서울특별시,300이상500만원 미만,"문화예술 관람하기, 운동-스포츠 직접하기, 관광-여행, 오락-휴식, 자기계발-자기관리","문화예술 관람하기, 운동-스포츠 직접하기, 관광-여행, 오락-휴식, 자기계발-자기관리"
53323550,202211,M,30대,서울특별시,300이상500만원 미만,"운동-스포츠 직접하기, 오락-휴식, 자기계발-자기관리, 사회교류","운동-스포츠 직접하기, 오락-휴식, 자기계발-자기관리, 사회교류"
53330020,202211,F,30대,서울특별시,300이상500만원 미만,"스포츠 관람하기, 관광-여행, 오락-휴식, 자기계발-자기관리, 사회교류","문화예술 관람하기, 스포츠 관람하기, 관광-여행, 오락-휴식, 자기계발-자기관리, 사회교류"
53326407,202211,F,30대,서울특별시,300이상500만원 미만,관광-여행,관광-여행
53343392,202211,F,30대,서울특별시,300이상500만원 미만,"문화예술 관람하기, 운동-스포츠 직접하기, 관광-여행, 오락-휴식","문화예술 관람하기, 운동-스포츠 직접하기, 관광-여행, 오락-휴식"
53360545,202211,M,30대,서울특별시,300이상500만원 미만,"문화예술 관람하기, 관광-여행, 오락-휴식, 자기계발-자기관리, 사회교류","문화예술 관람하기, 관광-여행, 오락-휴식, 자기계발-자기관리, 사회교류"
53372484,202211,F,30대,서울특별시,300이상500만원 미만,"문화예술 관람하기, 운동-스포츠 직접하기, 오락-휴식, 자기계발-자기관리, 사회교류","문화예술 관람하기, 운동-스포츠 직접하기, 관광-여행, 오락-휴식, 자기계발-자기관리, 사회교류"
53323605,202211,F,30대,서울특별시,300이상500만원 미만,"문화예술 관람하기, 관광-여행, 오락-휴식, 사회교류","문화예술 관람하기, 운동-스포츠 직접하기, 관광-여행, 오락-휴식, 사회교류"
53360665,202211,F,30대,서울특별시,300이상500만원 미만,"문화예술 관람하기, 운동-스포츠 직접하기, 관광-여행, 오락-휴식, 자기계발-자기관리, 사회교류","문화예술 관람하기, 운동-스포츠 직접하기, 관광-여행, 오락-휴식, 자기계발-자기관리, 사회교류"
53372255,202211,M,30대,서울특별시,300이상500만원 미만,"문화예술 관람하기, 운동-스포츠 직접하기, 관광-여행, 오락-휴식, 자기계발-자기관리, 사회교류","문화예술 관람하기, 운동-스포츠 직접하기, 관광-여행, 오락-휴식, 자기계발-자기관리, 사회교류"
53343268,202211,M,30대,서울특별시,300이상500만원 미만,운동-스포츠 직접하기,"운동-스포츠 직접하기, 관광-여행"
53343633,202211,M,30대,서울특별시,300이상500만원 미만,관광-여행,"스포츠 관람하기, 관광-여행"
53325012,202211,F,30대,서울특별시,300이상500만원 미만,"스포츠 관람하기, 오락-휴식","스포츠 관람하기, 관광-여행, 오락-휴식"
53374129,202211,M,30대,서울특별시,300이상500만원 미만,"운동-스포츠 직접하기, 관광-여행, 자기계발-자기관리","운동-스포츠 직접하기, 관광-여행, 자기계발-자기관리"
53368774,202211,M,30대,서울특별시,300이상500만원 미만,"운동-스포츠 직접하기, 오락-휴식","운동-스포츠 직접하기, 오락-휴식"
53365838,202211,M,30대,서울특별시,300이상500만원 미만,자기계발-자기관리,"운동-스포츠 직접하기, 자기계발-자기관리"
53329210,202211,M,30대,서울특별시,300이상500만원 미만,"운동-스포츠 직접하기, 관광-여행, 자기계발-자기관리, 사회교류","운동-스포츠 직접하기, 관광-여행, 자기계발-자기관리, 사회교류"
53324391,202211,F,30대,서울특별시,300이상500만원 미만,"문화예술 관람하기, 문화예술 직접하기, 스포츠 관람하기, 운동-스포츠 직접하기, 관광-여행, 오락-휴식, 자기계발-자기관리, 사회교류","문화예술 관람하기, 문화예술 직접하기, 스포츠 관람하기, 운동-스포츠 직접하기, 관광-여행, 오락-휴식, 자기계발-자기관리, 사회교류"
53324741,202211,F,20대,서울특별시,300이상500만원 미만,"문화예술 관람하기, 스포츠 관람하기, 운동-스포츠 직접하기, 관광-여행, 오락-휴식, 사회교류","문화예술 관람하기, 스포츠 관람하기, 운동-스포츠 직접하기, 관광-여행, 오락-휴식, 사회교류"
53323024,202211,F,20대,서울특별시,300이상500만원 미만,"문화예술 관람하기, 스포츠 관람하기, 관광-여행, 오락-휴식, 사회교류","문화예술 관람하기, 스포츠 관람하기, 관광-여행, 오락-휴식, 사회교류"
53334357,202211,F,30대,서울특별시,300이상500만원 미만,"관광-여행, 오락-휴식","문화예술 관람하기, 관광-여행, 오락-휴식"
53342162,202211,F,30대,서울특별시,300이상500만원 미만,"운동-스포츠 직접하기, 관광-여행, 오락-휴식, 사회교류","문화예술 관람하기, 운동-스포츠 직접하기, 관광-여행, 오락-휴식, 사회교류"
53327728,202211,F,30대,서울특별시,300이상500만원 미만,"문화예술 직접하기, 운동-스포츠 직접하기, 관광-여행, 오락-휴식, 사회교류","문화예술 관람하기, 문화예술 직접하기, 운동-스포츠 직접하기, 관광-여행, 오락-휴식, 사회교류"
53330886,202211,F,30대,서울특별시,300이상500만원 미만,"문화예술 관람하기, 운동-스포츠 직접하기, 관광-여행, 오락-휴식, 자기계발-자기관리","문화예술 관람하기, 문화예술 직접하기, 운동-스포츠 직접하기, 관광-여행, 오락-휴식, 자기계발-자기관리"
53324624,202211,F,30대,서울특별시,300이상500만원 미만,"오락-휴식, 자기계발-자기관리, 사회교류","오락-휴식, 자기계발-자기관리, 사회교류"
53339584,202211,F,30대,서울특별시,300이상500만원 미만,"문화예술 관람하기, 스포츠 관람하기, 관광-여행, 오락-휴식","문화예술 관람하기, 스포츠 관람하기, 관광-여행, 오락-휴식"
53324266,202211,F,20대,서울특별시,300이상500만원 미만,"문화예술 관람하기, 스포츠 관람하기, 운동-스포츠 직접하기, 관광-여행, 오락-휴식, 자기계발-자기관리, 사회교류","문화예술 관람하기, 스포츠 관람하기, 운동-스포츠 직접하기, 관광-여행, 오락-휴식, 자기계발-자기관리, 사회교류"
53356672,202211,M,20대,서울특별시,300이상500만원 미만,"운동-스포츠 직접하기, 관광-여행, 오락-휴식, 사회교류","스포츠 관람하기, 운동-스포츠 직접하기, 관광-여행, 오락-휴식, 자기계발-자기관리, 사회교류"
53332681,202211,M,20대,서울특별시,300이상500만원 미만,"오락-휴식, 자기계발-자기관리","오락-휴식, 자기계발-자기관리"
53333613,202211,M,20대,서울특별시,300이상500만원 미만,"문화예술 관람하기, 운동-스포츠 직접하기, 오락-휴식, 사회교류","문화예술 관람하기, 스포츠 관람하기, 운동-스포츠 직접하기, 오락-휴식, 사회교류"
53343466,202211,M,20대,서울특별시,300이상500만원 미만,"관광-여행, 오락-휴식, 자기계발-자기관리, 사회교류","문화예술 관람하기, 관광-여행, 오락-휴식, 자기계발-자기관리, 사회교류"
53359531,202211,M,20대,서울특별시,300이상500만원 미만,자기계발-자기관리,자기계발-자기관리
53354637,202211,F,20대,서울특별시,300이상500만원 미만,"문화예술 관람하기, 문화예술 직접하기, 관광-여행, 오락-휴식, 자기계발-자기관리, 사회교류","문화예술 관람하기, 문화예술 직접하기, 관광-여행, 오락-휴식, 자기계발-자기관리, 사회교류"
53356219,202211,M,20대,서울특별시,300이상500만원 미만,"스포츠 관람하기, 오락-휴식, 자기계발-자기관리","스포츠 관람하기, 오락-휴식, 자기계발-자기관리"
53328209,202211,M,20대,서울특별시,300이상500만원 미만,"문화예술 관람하기, 관광-여행, 오락-휴식, 사회교류","문화예술 관람하기, 스포츠 관람하기, 운동-스포츠 직접하기, 관광-여행, 오락-휴식, 사회교류"
53328328,202211,M,20대,서울특별시,300이상500만원 미만,오락-휴식,오락-휴식
53356414,202211,M,20대,서울특별시,300이상500만원 미만,관광-여행,관광-여행
53339256,202211,F,20대,부산광역시,300이상500만원 미만,"문화예술 관람하기, 운동-스포츠 직접하기, 관광-여행, 오락-휴식, 자기계발-자기관리, 사회교류","문화예술 관람하기, 운동-스포츠 직접하기, 관광-여행, 오락-휴식, 자기계발-자기관리, 사회교류"
53353431,202211,M,20대,서울특별시,300이상500만원 미만,"문화예술 관람하기, 운동-스포츠 직접하기, 관광-여행, 오락-휴식","문화예술 관람하기, 운동-스포츠 직접하기, 관광-여행, 오락-휴식"
53329637,202211,F,20대,부산광역시,300이상500만원 미만,"관광-여행, 오락-휴식, 자기계발-자기관리, 사회교류","관광-여행, 오락-휴식, 자기계발-자기관리, 사회교류"
53331390,202211,M,20대,부산광역시,300이상500만원 미만,운동-스포츠 직접하기,"운동-스포츠 직접하기, 사회교류"
53364016,202211,F,20대,부산광역시,300이상500만원 미만,"운동-스포츠 직접하기, 관광-여행, 오락-휴식, 사회교류","스포츠 관람하기, 운동-스포츠 직접하기, 관광-여행, 오락-휴식, 사회교류"
53358303,202211,F,30대,부산광역시,300이상500만원 미만,"오락-휴식, 자기계발-자기관리","문화예술 관람하기, 문화예술 직접하기, 스포츠 관람하기, 오락-휴식, 자기계발-자기관리"
53344333,202211,F,20대,부산광역시,300이상500만원 미만,"관광-여행, 오락-휴식","문화예술 관람하기, 관광-여행, 오락-휴식"
53330008,202211,F,30대,부산광역시,300이상500만원 미만,"문화예술 관람하기, 운동-스포츠 직접하기, 관광-여행, 오락-휴식, 자기계발-자기관리, 사회교류","문화예술 관람하기, 운동-스포츠 직접하기, 관광-여행, 오락-휴식, 자기계발-자기관리, 사회교류"
53341890,202211,M,30대,부산광역시,300이상500만원 미만,"스포츠 관람하기, 운동-스포츠 직접하기, 오락-휴식","스포츠 관람하기, 운동-스포츠 직접하기, 관광-여행, 오락-휴식"
53374733,202211,M,30대,부산광역시,300이상500만원 미만,운동-스포츠 직접하기,"운동-스포츠 직접하기, 관광-여행"
53356901,202211,M,30대,부산광역시,300이상500만원 미만,"문화예술 관람하기, 관광-여행, 오락-휴식","문화예술 관람하기, 스포츠 관람하기, 관광-여행, 오락-휴식"
53368286,202211,M,30대,부산광역시,300이상500만원 미만,"문화예술 관람하기, 스포츠 관람하기, 운동-스포츠 직접하기, 관광-여행, 오락-휴식, 자기계발-자기관리, 사회교류","문화예술 관람하기, 스포츠 관람하기, 운동-스포츠 직접하기, 관광-여행, 오락-휴식, 자기계발-자기관리, 사회교류"
53367879,202211,F,30대,부산광역시,300이상500만원 미만,"관광-여행, 오락-휴식, 자기계발-자기관리","문화예술 관람하기, 관광-여행, 오락-휴식, 자기계발-자기관리"
53353930,202211,M,40대,부산광역시,300이상500만원 미만,"문화예술 관람하기, 관광-여행, 오락-휴식","문화예술 관람하기, 관광-여행, 오락-휴식"
53359723,202211,M,40대,부산광역시,300이상500만원 미만,"문화예술 관람하기, 문화예술 직접하기, 스포츠 관람하기, 운동-스포츠 직접하기, 관광-여행, 오락-휴식, 자기계발-자기관리","문화예술 관람하기, 문화예술 직접하기, 스포츠 관람하기, 운동-스포츠 직접하기, 관광-여행, 오락-휴식, 자기계발-자기관리"
53366095,202211,M,30대,부산광역시,300이상500만원 미만,오락-휴식,"문화예술 관람하기, 오락-휴식, 자기계발-자기관리"
53367269,202211,F,30대,부산광역시,300이상500만원 미만,"스포츠 관람하기, 오락-휴식, 사회교류","스포츠 관람하기, 관광-여행, 오락-휴식, 사회교류"
53343522,202211,M,40대,부산광역시,300이상500만원 미만,"문화예술 관람하기, 스포츠 관람하기, 운동-스포츠 직접하기, 관광-여행, 오락-휴식, 자기계발-자기관리, 사회교류","문화예술 관람하기, 스포츠 관람하기, 운동-스포츠 직접하기, 관광-여행, 오락-휴식, 자기계발-자기관리, 사회교류"
53365749,202211,M,40대,부산광역시,300이상500만원 미만,"운동-스포츠 직접하기, 관광-여행, 오락-휴식","문화예술 관람하기, 스포츠 관람하기, 운동-스포츠 직접하기, 관광-여행, 오락-휴식"
53361623,202211,M,40대,부산광역시,300이상500만원 미만,"운동-스포츠 직접하기, 관광-여행, 오락-휴식","운동-스포츠 직접하기, 관광-여행, 오락-휴식"
53367391,202211,M,40대,부산광역시,300이상500만원 미만,"운동-스포츠 직접하기, 관광-여행, 오락-휴식, 자기계발-자기관리, 사회교류","문화예술 관람하기, 운동-스포츠 직접하기, 관광-여행, 오락-휴식, 자기계발-자기관리, 사회교류"
53370803,202211,M,40대,부산광역시,300이상500만원 미만,"문화예술 관람하기, 관광-여행, 오락-휴식, 자기계발-자기관리","문화예술 관람하기, 관광-여행, 오락-휴식, 자기계발-자기관리"
53332970,202211,M,30대,부산광역시,300이상500만원 미만,"문화예술 관람하기, 운동-스포츠 직접하기, 관광-여행, 오락-휴식, 사회교류","문화예술 관람하기, 운동-스포츠 직접하기, 관광-여행, 오락-휴식, 사회교류"
53346278,202211,M,30대,부산광역시,300이상500만원 미만,"문화예술 관람하기, 관광-여행","문화예술 관람하기, 관광-여행, 자기계발-자기관리"
53335223,202211,M,40대,부산광역시,300이상500만원 미만,"운동-스포츠 직접하기, 관광-여행, 오락-휴식","운동-스포츠 직접하기, 관광-여행, 오락-휴식"
53361032,202211,M,30대,부산광역시,300이상500만원 미만,"문화예술 관람하기, 운동-스포츠 직접하기, 관광-여행, 오락-휴식, 사회교류","문화예술 관람하기, 운동-스포츠 직접하기, 관광-여행, 오락-휴식, 사회교류"
53365493,202211,F,40대,부산광역시,300이상500만원 미만,"문화예술 관람하기, 운동-스포츠 직접하기, 관광-여행, 오락-휴식","문화예술 관람하기, 운동-스포츠 직접하기, 관광-여행, 오락-휴식"
53350255,202211,F,40대,부산광역시,300이상500만원 미만,"스포츠 관람하기, 운동-스포츠 직접하기, 관광-여행, 오락-휴식, 자기계발-자기관리, 사회교류","문화예술 관람하기, 스포츠 관람하기, 운동-스포츠 직접하기, 관광-여행, 오락-휴식, 자기계발-자기관리, 사회교류"
53327364,202211,M,40대,부산광역시,300이상500만원 미만,"스포츠 관람하기, 운동-스포츠 직접하기, 관광-여행, 오락-휴식","스포츠 관람하기, 운동-스포츠 직접하기, 관광-여행, 오락-휴식"
53340043,202211,F,40대,부산광역시,300이상500만원 미만,"문화예술 관람하기, 문화예술 직접하기, 스포츠 관람하기, 운동-스포츠 직접하기, 관광-여행, 오락-휴식, 자기계발-자기관리, 사회교류","문화예술 관람하기, 문화예술 직접하기, 스포츠 관람하기, 운동-스포츠 직접하기, 관광-여행, 오락-휴식, 자기계발-자기관리, 사회교류"
53327830,202211,F,40대,부산광역시,300이상500만원 미만,"관광-여행, 오락-휴식, 자기계발-자기관리, 사회교류","문화예술 직접하기, 관광-여행, 오락-휴식, 자기계발-자기관리, 사회교류"
53346397,202211,F,40대,부산광역시,300이상500만원 미만,"관광-여행, 오락-휴식, 사회교류","관광-여행, 오락-휴식, 사회교류"
53345888,202211,F,40대,부산광역시,300이상500만원 미만,"운동-스포츠 직접하기, 관광-여행, 오락-휴식, 자기계발-자기관리, 사회교류","운동-스포츠 직접하기, 관광-여행, 오락-휴식, 자기계발-자기관리, 사회교류"
53333162,202211,F,40대,부산광역시,300이상500만원 미만,"운동-스포츠 직접하기, 관광-여행, 오락-휴식, 자기계발-자기관리, 사회교류","운동-스포츠 직접하기, 관광-여행, 오락-휴식, 자기계발-자기관리, 사회교류"
53328799,202211,F,40대,부산광역시,300이상500만원 미만,"문화예술 관람하기, 관광-여행, 오락-휴식","문화예술 관람하기, 관광-여행, 오락-휴식, 자기계발-자기관리"
53373924,202211,M,40대,부산광역시,300이상500만원 미만,"스포츠 관람하기, 운동-스포츠 직접하기, 관광-여행, 오락-휴식, 자기계발-자기관리","스포츠 관람하기, 운동-스포츠 직접하기, 관광-여행, 오락-휴식, 자기계발-자기관리"
53357874,202211,F,40대,부산광역시,300이상500만원 미만,"운동-스포츠 직접하기, 관광-여행, 오락-휴식, 자기계발-자기관리, 사회교류","운동-스포츠 직접하기, 관광-여행, 오락-휴식, 자기계발-자기관리, 사회교류"
53333254,202211,F,50대,부산광역시,300이상500만원 미만,"오락-휴식, 사회교류","문화예술 관람하기, 오락-휴식, 자기계발-자기관리, 사회교류"
53358729,202211,F,40대,부산광역시,300이상500만원 미만,"문화예술 관람하기, 관광-여행, 오락-휴식, 자기계발-자기관리","문화예술 관람하기, 관광-여행, 오락-휴식, 자기계발-자기관리"
53359687,202211,F,40대,부산광역시,300이상500만원 미만,"문화예술 관람하기, 문화예술 직접하기, 스포츠 관람하기, 운동-스포츠 직접하기, 관광-여행, 오락-휴식, 자기계발-자기관리, 사회교류","문화예술 관람하기, 문화예술 직접하기, 스포츠 관람하기, 운동-스포츠 직접하기, 관광-여행, 오락-휴식, 자기계발-자기관리, 사회교류"
53352429,202211,F,40대,부산광역시,300이상500만원 미만,"문화예술 관람하기, 문화예술 직접하기, 오락-휴식, 자기계발-자기관리, 사회교류","문화예술 관람하기, 문화예술 직접하기, 오락-휴식, 자기계발-자기관리, 사회교류"
53350734,202211,F,40대,부산광역시,300이상500만원 미만,"문화예술 관람하기, 스포츠 관람하기, 운동-스포츠 직접하기, 관광-여행, 오락-휴식, 자기계발-자기관리, 사회교류","문화예술 관람하기, 문화예술 직접하기, 스포츠 관람하기, 운동-스포츠 직접하기, 관광-여행, 오락-휴식, 자기계발-자기관리, 사회교류"
53326083,202211,F,50대,부산광역시,300이상500만원 미만,"문화예술 관람하기, 스포츠 관람하기, 운동-스포츠 직접하기, 관광-여행, 오락-휴식, 사회교류","문화예술 관람하기, 스포츠 관람하기, 운동-스포츠 직접하기, 관광-여행, 오락-휴식, 자기계발-자기관리, 사회교류"
53371273,202211,F,50대,부산광역시,300이상500만원 미만,사회교류,사회교류
53337714,202211,M,50대,부산광역시,300이상500만원 미만,"운동-스포츠 직접하기, 자기계발-자기관리","운동-스포츠 직접하기, 자기계발-자기관리"
53336254,202211,F,50대,부산광역시,300이상500만원 미만,"운동-스포츠 직접하기, 관광-여행, 오락-휴식","운동-스포츠 직접하기, 관광-여행, 오락-휴식"
53327729,202211,M,50대,부산광역시,300이상500만원 미만,"문화예술 관람하기, 운동-스포츠 직접하기, 관광-여행, 오락-휴식, 사회교류","문화예술 관람하기, 운동-스포츠 직접하기, 관광-여행, 오락-휴식, 사회교류"
53331491,202211,M,50대,부산광역시,300이상500만원 미만,"문화예술 관람하기, 운동-스포츠 직접하기, 관광-여행, 오락-휴식, 자기계발-자기관리, 사회교류","문화예술 관람하기, 운동-스포츠 직접하기, 관광-여행, 오락-휴식, 자기계발-자기관리, 사회교류"
53337925,202211,M,60대,부산광역시,300이상500만원 미만,"문화예술 관람하기, 운동-스포츠 직접하기, 오락-휴식","문화예술 관람하기, 운동-스포츠 직접하기, 관광-여행, 오락-휴식"
53372052,202211,M,60대,부산광역시,300이상500만원 미만,"문화예술 관람하기, 자기계발-자기관리","문화예술 관람하기, 문화예술 직접하기, 자기계발-자기관리"
53359003,202211,M,60대,부산광역시,300이상500만원 미만,자기계발-자기관리,"스포츠 관람하기, 자기계발-자기관리"
53349569,202211,M,60대,부산광역시,300이상500만원 미만,"오락-휴식, 자기계발-자기관리","오락-휴식, 자기계발-자기관리"
53336959,202211,F,60대,부산광역시,300이상500만원 미만,"문화예술 관람하기, 운동-스포츠 직접하기, 관광-여행, 오락-휴식, 자기계발-자기관리, 사회교류","문화예술 관람하기, 운동-스포츠 직접하기, 관광-여행, 오락-휴식, 자기계발-자기관리, 사회교류"
53336983,202211,F,60대,부산광역시,300이상500만원 미만,"문화예술 관람하기, 문화예술 직접하기, 스포츠 관람하기, 운동-스포츠 직접하기, 오락-휴식, 자기계발-자기관리, 사회교류","문화예술 관람하기, 문화예술 직접하기, 스포츠 관람하기, 운동-스포츠 직접하기, 오락-휴식, 자기계발-자기관리, 사회교류"
53368019,202211,F,60대,부산광역시,300이상500만원 미만,"문화예술 관람하기, 문화예술 직접하기, 관광-여행, 오락-휴식, 자기계발-자기관리, 사회교류","문화예술 관람하기, 문화예술 직접하기, 관광-여행, 오락-휴식, 자기계발-자기관리, 사회교류"
53352850,202211,F,60대,부산광역시,300이상500만원 미만,"문화예술 관람하기, 문화예술 직접하기, 운동-스포츠 직접하기, 자기계발-자기관리","문화예술 관람하기, 문화예술 직접하기, 운동-스포츠 직접하기, 자기계발-자기관리"
53359814,202211,F,60대,대전광역시,300이상500만원 미만,"문화예술 관람하기, 스포츠 관람하기, 운동-스포츠 직접하기, 오락-휴식, 자기계발-자기관리, 사회교류","문화예술 관람하기, 스포츠 관람하기, 운동-스포츠 직접하기, 오락-휴식, 자기계발-자기관리, 사회교류"
53332367,202211,F,60대,부산광역시,300이상500만원 미만,"오락-휴식, 자기계발-자기관리, 사회교류","오락-휴식, 자기계발-자기관리, 사회교류"
53340326,202211,F,60대,부산광역시,300이상500만원 미만,"운동-스포츠 직접하기, 관광-여행, 오락-휴식, 자기계발-자기관리, 사회교류","문화예술 직접하기, 스포츠 관람하기, 운동-스포츠 직접하기, 관광-여행, 오락-휴식, 자기계발-자기관리, 사회교류"
53346179,202211,F,60대,대전광역시,300이상500만원 미만,"문화예술 관람하기, 문화예술 직접하기, 관광-여행, 오락-휴식, 자기계발-자기관리","문화예술 관람하기, 문화예술 직접하기, 관광-여행, 오락-휴식, 자기계발-자기관리"
53329964,202211,F,60대,대전광역시,300이상500만원 미만,"운동-스포츠 직접하기, 관광-여행, 사회교류","운동-스포츠 직접하기, 관광-여행, 사회교류"
53327582,202211,M,60대,대전광역시,300이상500만원 미만,"스포츠 관람하기, 관광-여행, 오락-휴식, 자기계발-자기관리, 사회교류","스포츠 관람하기, 관광-여행, 오락-휴식, 자기계발-자기관리, 사회교류"
53328925,202211,M,60대,대전광역시,300이상500만원 미만,"문화예술 관람하기, 관광-여행, 오락-휴식, 자기계발-자기관리, 사회교류","문화예술 관람하기, 관광-여행, 오락-휴식, 자기계발-자기관리, 사회교류"
53367726,202211,M,60대,대전광역시,300이상500만원 미만,"문화예술 관람하기, 운동-스포츠 직접하기, 관광-여행, 오락-휴식","문화예술 관람하기, 운동-스포츠 직접하기, 관광-여행, 오락-휴식"
53336094,202211,M,60대,대전광역시,300이상500만원 미만,"관광-여행, 오락-휴식","관광-여행, 오락-휴식"
53326684,202211,M,50대,대전광역시,300이상500만원 미만,"스포츠 관람하기, 운동-스포츠 직접하기, 관광-여행, 오락-휴식, 자기계발-자기관리","스포츠 관람하기, 운동-스포츠 직접하기, 관광-여행, 오락-휴식, 자기계발-자기관리"
53343954,202211,M,60대,대전광역시,300이상500만원 미만,"문화예술 관람하기, 문화예술 직접하기, 관광-여행, 오락-휴식, 자기계발-자기관리, 사회교류","문화예술 관람하기, 문화예술 직접하기, 관광-여행, 오락-휴식, 자기계발-자기관리, 사회교류"
53337289,202211,M,60대,대전광역시,300이상500만원 미만,"스포츠 관람하기, 운동-스포츠 직접하기, 관광-여행, 오락-휴식, 사회교류","스포츠 관람하기, 운동-스포츠 직접하기, 관광-여행, 오락-휴식, 사회교류"
53372271,202211,M,50대,대전광역시,300이상500만원 미만,"운동-스포츠 직접하기, 사회교류","스포츠 관람하기, 운동-스포츠 직접하기, 관광-여행, 사회교류"
53359749,202211,M,50대,대전광역시,300이상500만원 미만,관광-여행,관광-여행
53329688,202211,F,50대,대전광역시,300이상500만원 미만,"문화예술 관람하기, 관광-여행, 오락-휴식, 사회교류","문화예술 관람하기, 관광-여행, 오락-휴식, 사회교류"
53343464,202211,F,50대,대전광역시,300이상500만원 미만,"운동-스포츠 직접하기, 관광-여행, 사회교류","운동-스포츠 직접하기, 관광-여행, 사회교류"
53371491,202211,M,40대,대전광역시,300이상500만원 미만,"관광-여행, 오락-휴식, 자기계발-자기관리, 사회교류","문화예술 직접하기, 관광-여행, 오락-휴식, 자기계발-자기관리, 사회교류"
53341315,202211,F,40대,대전광역시,300이상500만원 미만,"문화예술 관람하기, 오락-휴식","문화예술 관람하기, 오락-휴식"
53358721,202211,F,40대,대전광역시,300이상500만원 미만,"운동-스포츠 직접하기, 관광-여행, 오락-휴식, 자기계발-자기관리, 사회교류","문화예술 직접하기, 운동-스포츠 직접하기, 관광-여행, 오락-휴식, 자기계발-자기관리, 사회교류"
53364937,202211,F,40대,대전광역시,300이상500만원 미만,"운동-스포츠 직접하기, 관광-여행, 오락-휴식, 자기계발-자기관리, 사회교류","운동-스포츠 직접하기, 관광-여행, 오락-휴식, 자기계발-자기관리, 사회교류"
53350157,202211,M,40대,대전광역시,300이상500만원 미만,"문화예술 관람하기, 스포츠 관람하기, 운동-스포츠 직접하기, 관광-여행, 오락-휴식, 자기계발-자기관리, 사회교류","문화예술 관람하기, 스포츠 관람하기, 운동-스포츠 직접하기, 관광-여행, 오락-휴식, 자기계발-자기관리, 사회교류"
53343352,202211,M,30대,대전광역시,300이상500만원 미만,"문화예술 관람하기, 스포츠 관람하기, 운동-스포츠 직접하기, 관광-여행, 오락-휴식","문화예술 관람하기, 스포츠 관람하기, 운동-스포츠 직접하기, 관광-여행, 오락-휴식"
53327515,202211,F,30대,대전광역시,300이상500만원 미만,"관광-여행, 오락-휴식, 자기계발-자기관리, 사회교류","문화예술 관람하기, 스포츠 관람하기, 관광-여행, 오락-휴식, 자기계발-자기관리, 사회교류"
53332717,202211,F,30대,대전광역시,300이상500만원 미만,"문화예술 관람하기, 운동-스포츠 직접하기, 관광-여행, 오락-휴식, 자기계발-자기관리, 사회교류","문화예술 관람하기, 문화예술 직접하기, 운동-스포츠 직접하기, 관광-여행, 오락-휴식, 자기계발-자기관리, 사회교류"
53333429,202211,M,40대,대전광역시,300이상500만원 미만,"운동-스포츠 직접하기, 관광-여행, 오락-휴식, 사회교류","운동-스포츠 직접하기, 관광-여행, 오락-휴식, 사회교류"
53377182,202211,M,40대,대전광역시,300이상500만원 미만,"스포츠 관람하기, 관광-여행, 오락-휴식","스포츠 관람하기, 관광-여행, 오락-휴식"
53374411,202211,M,30대,대전광역시,300이상500만원 미만,"관광-여행, 오락-휴식","문화예술 관람하기, 운동-스포츠 직접하기, 관광-여행, 오락-휴식"
53358599,202211,M,30대,대전광역시,300이상500만원 미만,"문화예술 관람하기, 관광-여행, 오락-휴식, 자기계발-자기관리, 사회교류","문화예술 관람하기, 관광-여행, 오락-휴식, 자기계발-자기관리, 사회교류"
53360202,202211,M,20대,대전광역시,300이상500만원 미만,문화예술 직접하기,"문화예술 직접하기, 운동-스포츠 직접하기, 관광-여행"
53330125,202211,M,20대,대전광역시,300이상500만원 미만,자기계발-자기관리,자기계발-자기관리
53362519,202211,F,20대,대전광역시,300이상500만원 미만,"운동-스포츠 직접하기, 오락-휴식, 자기계발-자기관리, 사회교류","운동-스포츠 직접하기, 관광-여행, 오락-휴식, 자기계발-자기관리, 사회교류"
53357215,202211,F,20대,대전광역시,300이상500만원 미만,"문화예술 관람하기, 관광-여행, 오락-휴식, 자기계발-자기관리","문화예술 관람하기, 운동-스포츠 직접하기, 관광-여행, 오락-휴식, 자기계발-자기관리"
53362397,202211,M,20대,대구광역시,300이상500만원 미만,"스포츠 관람하기, 운동-스포츠 직접하기, 관광-여행, 오락-휴식","스포츠 관람하기, 운동-스포츠 직접하기, 관광-여행, 오락-휴식, 자기계발-자기관리"
53340601,202211,F,20대,대구광역시,300이상500만원 미만,"스포츠 관람하기, 관광-여행, 오락-휴식, 사회교류","스포츠 관람하기, 관광-여행, 오락-휴식, 사회교류"
53352422,202211,M,20대,대구광역시,300이상500만원 미만,"운동-스포츠 직접하기, 관광-여행, 오락-휴식","운동-스포츠 직접하기, 관광-여행, 오락-휴식"
53362584,202211,F,30대,대구광역시,300이상500만원 미만,"운동-스포츠 직접하기, 관광-여행, 오락-휴식, 자기계발-자기관리, 사회교류","운동-스포츠 직접하기, 관광-여행, 오락-휴식, 자기계발-자기관리, 사회교류"
53364206,202211,F,20대,대구광역시,300이상500만원 미만,"관광-여행, 오락-휴식","문화예술 관람하기, 관광-여행, 오락-휴식"
53362698,202211,M,30대,대구광역시,300이상500만원 미만,오락-휴식,오락-휴식
53361822,202211,M,30대,대구광역시,300이상500만원 미만,"문화예술 관람하기, 운동-스포츠 직접하기, 오락-휴식, 사회교류","문화예술 관람하기, 스포츠 관람하기, 운동-스포츠 직접하기, 관광-여행, 오락-휴식, 사회교류"
53371971,202211,M,30대,대구광역시,300이상500만원 미만,"운동-스포츠 직접하기, 관광-여행, 오락-휴식","스포츠 관람하기, 운동-스포츠 직접하기, 관광-여행, 오락-휴식"
53373246,202211,M,30대,대구광역시,300이상500만원 미만,"운동-스포츠 직접하기, 관광-여행, 오락-휴식, 자기계발-자기관리","운동-스포츠 직접하기, 관광-여행, 오락-휴식, 자기계발-자기관리"
53327469,202211,M,30대,대구광역시,300이상500만원 미만,"문화예술 관람하기, 스포츠 관람하기, 관광-여행, 오락-휴식","문화예술 관람하기, 스포츠 관람하기, 관광-여행, 오락-휴식"
53338024,202211,M,30대,대구광역시,300이상500만원 미만,"문화예술 관람하기, 스포츠 관람하기, 운동-스포츠 직접하기, 오락-휴식, 자기계발-자기관리, 사회교류","문화예술 관람하기, 문화예술 직접하기, 스포츠 관람하기, 운동-스포츠 직접하기, 관광-여행, 오락-휴식, 자기계발-자기관리, 사회교류"
53332281,202211,M,30대,대구광역시,300이상500만원 미만,"운동-스포츠 직접하기, 사회교류","문화예술 관람하기, 운동-스포츠 직접하기, 관광-여행, 오락-휴식, 사회교류"
53327446,202211,M,30대,대구광역시,300이상500만원 미만,"문화예술 관람하기, 스포츠 관람하기, 운동-스포츠 직접하기, 관광-여행, 오락-휴식","문화예술 관람하기, 스포츠 관람하기, 운동-스포츠 직접하기, 관광-여행, 오락-휴식"
53360623,202211,F,50대,대구광역시,300이상500만원 미만,"스포츠 관람하기, 운동-스포츠 직접하기, 관광-여행, 오락-휴식","스포츠 관람하기, 운동-스포츠 직접하기, 관광-여행, 오락-휴식"
53366337,202211,M,40대,대구광역시,300이상500만원 미만,"스포츠 관람하기, 관광-여행, 오락-휴식, 자기계발-자기관리","스포츠 관람하기, 관광-여행, 오락-휴식, 자기계발-자기관리"
53343925,202211,M,30대,대구광역시,300이상500만원 미만,"문화예술 관람하기, 문화예술 직접하기, 관광-여행, 오락-휴식, 자기계발-자기관리, 사회교류","문화예술 관람하기, 문화예술 직접하기, 관광-여행, 오락-휴식, 자기계발-자기관리, 사회교류"
53346310,202211,M,40대,대구광역시,300이상500만원 미만,"스포츠 관람하기, 운동-스포츠 직접하기, 오락-휴식, 자기계발-자기관리","스포츠 관람하기, 운동-스포츠 직접하기, 오락-휴식, 자기계발-자기관리"
53335238,202211,M,40대,대구광역시,300이상500만원 미만,"문화예술 관람하기, 운동-스포츠 직접하기, 관광-여행, 오락-휴식, 자기계발-자기관리, 사회교류","문화예술 관람하기, 스포츠 관람하기, 운동-스포츠 직접하기, 관광-여행, 오락-휴식, 자기계발-자기관리, 사회교류"
53348988,202211,M,40대,대구광역시,300이상500만원 미만,"운동-스포츠 직접하기, 관광-여행, 자기계발-자기관리","문화예술 관람하기, 운동-스포츠 직접하기, 관광-여행, 자기계발-자기관리"
53355563,202211,M,40대,대구광역시,300이상500만원 미만,"문화예술 관람하기, 스포츠 관람하기, 운동-스포츠 직접하기, 관광-여행, 오락-휴식","문화예술 관람하기, 문화예술 직접하기, 스포츠 관람하기, 운동-스포츠 직접하기, 관광-여행, 오락-휴식"
53375836,202211,M,40대,대구광역시,300이상500만원 미만,"문화예술 관람하기, 오락-휴식, 자기계발-자기관리","문화예술 관람하기, 오락-휴식, 자기계발-자기관리"
53334903,202211,M,40대,대구광역시,300이상500만원 미만,"문화예술 관람하기, 운동-스포츠 직접하기, 관광-여행, 오락-휴식, 사회교류","문화예술 관람하기, 운동-스포츠 직접하기, 관광-여행, 오락-휴식, 사회교류"
53359717,202211,M,30대,대구광역시,300이상500만원 미만,"문화예술 관람하기, 운동-스포츠 직접하기, 오락-휴식","문화예술 관람하기, 문화예술 직접하기, 스포츠 관람하기, 운동-스포츠 직접하기, 관광-여행, 오락-휴식, 사회교류"
53360009,202211,M,30대,대구광역시,300이상500만원 미만,"관광-여행, 오락-휴식","관광-여행, 오락-휴식"
53375483,202211,M,30대,대구광역시,300이상500만원 미만,"운동-스포츠 직접하기, 관광-여행, 오락-휴식","문화예술 관람하기, 운동-스포츠 직접하기, 관광-여행, 오락-휴식"
53328165,202211,M,40대,대구광역시,300이상500만원 미만,"스포츠 관람하기, 운동-스포츠 직접하기, 관광-여행, 오락-휴식, 사회교류","스포츠 관람하기, 운동-스포츠 직접하기, 관광-여행, 오락-휴식, 사회교류"
53368106,202211,M,40대,대구광역시,300이상500만원 미만,"관광-여행, 오락-휴식, 자기계발-자기관리","스포츠 관람하기, 관광-여행, 오락-휴식, 자기계발-자기관리"
53373687,202211,F,40대,대구광역시,300이상500만원 미만,"관광-여행, 오락-휴식, 자기계발-자기관리, 사회교류","관광-여행, 오락-휴식, 자기계발-자기관리, 사회교류"
53377425,202211,F,40대,대구광역시,300이상500만원 미만,"운동-스포츠 직접하기, 오락-휴식","운동-스포츠 직접하기, 오락-휴식"
53353206,202211,F,40대,대구광역시,300이상500만원 미만,오락-휴식,"관광-여행, 오락-휴식"
53342892,202211,F,40대,대구광역시,300이상500만원 미만,"문화예술 관람하기, 운동-스포츠 직접하기, 관광-여행, 오락-휴식, 자기계발-자기관리, 사회교류","문화예술 관람하기, 운동-스포츠 직접하기, 관광-여행, 오락-휴식, 자기계발-자기관리, 사회교류"
53329595,202211,F,50대,대구광역시,300이상500만원 미만,"문화예술 관람하기, 관광-여행","문화예술 관람하기, 관광-여행"
53327079,202211,F,50대,대구광역시,300이상500만원 미만,"운동-스포츠 직접하기, 관광-여행, 오락-휴식","운동-스포츠 직접하기, 관광-여행, 오락-휴식"
53354769,202211,F,50대,대구광역시,300이상500만원 미만,"운동-스포츠 직접하기, 사회교류","운동-스포츠 직접하기, 자기계발-자기관리, 사회교류"
53357722,202211,F,50대,대구광역시,300이상500만원 미만,"문화예술 관람하기, 문화예술 직접하기, 운동-스포츠 직접하기, 관광-여행, 오락-휴식, 자기계발-자기관리, 사회교류","문화예술 관람하기, 문화예술 직접하기, 운동-스포츠 직접하기, 관광-여행, 오락-휴식, 자기계발-자기관리, 사회교류"
53363749,202211,M,50대,대구광역시,300이상500만원 미만,"스포츠 관람하기, 오락-휴식, 자기계발-자기관리, 사회교류","스포츠 관람하기, 운동-스포츠 직접하기, 오락-휴식, 자기계발-자기관리, 사회교류"
53356096,202211,M,50대,대구광역시,300이상500만원 미만,"문화예술 관람하기, 운동-스포츠 직접하기, 관광-여행, 오락-휴식","문화예술 관람하기, 운동-스포츠 직접하기, 관광-여행, 오락-휴식"
53338496,202211,M,50대,대구광역시,300이상500만원 미만,"문화예술 관람하기, 오락-휴식, 자기계발-자기관리","문화예술 관람하기, 문화예술 직접하기, 운동-스포츠 직접하기, 오락-휴식, 자기계발-자기관리"
53340026,202211,F,60대,광주광역시,300이상500만원 미만,"문화예술 관람하기, 스포츠 관람하기, 운동-스포츠 직접하기, 관광-여행, 오락-휴식, 자기계발-자기관리, 사회교류","문화예술 관람하기, 스포츠 관람하기, 운동-스포츠 직접하기, 관광-여행, 오락-휴식, 자기계발-자기관리, 사회교류"
53326610,202211,M,50대,대구광역시,300이상500만원 미만,"문화예술 관람하기, 관광-여행, 오락-휴식","문화예술 관람하기, 관광-여행, 오락-휴식"
53343274,202211,M,60대,대구광역시,300이상500만원 미만,"스포츠 관람하기, 운동-스포츠 직접하기, 관광-여행, 오락-휴식","스포츠 관람하기, 운동-스포츠 직접하기, 관광-여행, 오락-휴식"
53337353,202211,M,50대,대구광역시,300이상500만원 미만,"스포츠 관람하기, 운동-스포츠 직접하기, 관광-여행, 오락-휴식, 자기계발-자기관리, 사회교류","스포츠 관람하기, 운동-스포츠 직접하기, 관광-여행, 오락-휴식, 자기계발-자기관리, 사회교류"
53337188,202211,F,60대,대구광역시,300이상500만원 미만,오락-휴식,"관광-여행, 오락-휴식"
53374138,202211,F,60대,대구광역시,300이상500만원 미만,"문화예술 관람하기, 문화예술 직접하기, 운동-스포츠 직접하기, 관광-여행, 오락-휴식","문화예술 관람하기, 문화예술 직접하기, 운동-스포츠 직접하기, 관광-여행, 오락-휴식"
53336969,202211,F,60대,광주광역시,300이상500만원 미만,"문화예술 관람하기, 운동-스포츠 직접하기, 관광-여행, 오락-휴식, 사회교류","문화예술 관람하기, 운동-스포츠 직접하기, 관광-여행, 오락-휴식, 사회교류"
53337681,202211,F,60대,광주광역시,300이상500만원 미만,"문화예술 관람하기, 문화예술 직접하기, 운동-스포츠 직접하기, 관광-여행, 오락-휴식, 사회교류","문화예술 관람하기, 문화예술 직접하기, 운동-스포츠 직접하기, 관광-여행, 오락-휴식, 사회교류"
53333824,202211,F,40대,광주광역시,300이상500만원 미만,"문화예술 관람하기, 스포츠 관람하기, 운동-스포츠 직접하기, 오락-휴식, 사회교류","문화예술 관람하기, 스포츠 관람하기, 운동-스포츠 직접하기, 오락-휴식, 자기계발-자기관리, 사회교류"
53325969,202211,F,50대,광주광역시,300이상500만원 미만,"문화예술 관람하기, 관광-여행, 오락-휴식, 자기계발-자기관리, 사회교류","문화예술 관람하기, 관광-여행, 오락-휴식, 자기계발-자기관리, 사회교류"
53349404,202211,M,50대,광주광역시,300이상500만원 미만,"스포츠 관람하기, 관광-여행, 오락-휴식","스포츠 관람하기, 관광-여행, 오락-휴식"
53329657,202211,M,60대,광주광역시,300이상500만원 미만,"문화예술 직접하기, 자기계발-자기관리","문화예술 직접하기, 자기계발-자기관리"
53339941,202211,F,50대,광주광역시,300이상500만원 미만,"문화예술 관람하기, 운동-스포츠 직접하기, 관광-여행, 사회교류","문화예술 관람하기, 운동-스포츠 직접하기, 관광-여행, 사회교류"
53345564,202211,F,50대,광주광역시,300이상500만원 미만,"문화예술 관람하기, 운동-스포츠 직접하기, 관광-여행, 자기계발-자기관리, 사회교류","문화예술 관람하기, 운동-스포츠 직접하기, 관광-여행, 오락-휴식, 자기계발-자기관리, 사회교류"
53338553,202211,M,50대,광주광역시,300이상500만원 미만,"문화예술 관람하기, 스포츠 관람하기, 운동-스포츠 직접하기, 관광-여행, 오락-휴식, 자기계발-자기관리, 사회교류","문화예술 관람하기, 스포츠 관람하기, 운동-스포츠 직접하기, 관광-여행, 오락-휴식, 자기계발-자기관리, 사회교류"
53364408,202211,M,50대,광주광역시,300이상500만원 미만,자기계발-자기관리,"관광-여행, 자기계발-자기관리"
53361645,202211,F,40대,광주광역시,300이상500만원 미만,"문화예술 관람하기, 관광-여행","문화예술 관람하기, 관광-여행"
53372331,202211,F,50대,광주광역시,300이상500만원 미만,"운동-스포츠 직접하기, 관광-여행, 오락-휴식, 자기계발-자기관리, 사회교류","문화예술 관람하기, 운동-스포츠 직접하기, 관광-여행, 오락-휴식, 자기계발-자기관리, 사회교류"
53327669,202211,F,50대,광주광역시,300이상500만원 미만,"오락-휴식, 사회교류","오락-휴식, 사회교류"
53354296,202211,F,40대,광주광역시,300이상500만원 미만,"문화예술 관람하기, 관광-여행, 오락-휴식","문화예술 관람하기, 관광-여행, 오락-휴식"
53351500,202211,M,40대,광주광역시,300이상500만원 미만,"스포츠 관람하기, 관광-여행, 오락-휴식, 사회교류","스포츠 관람하기, 관광-여행, 오락-휴식, 사회교류"
53351631,202211,M,40대,광주광역시,300이상500만원 미만,"문화예술 관람하기, 스포츠 관람하기, 운동-스포츠 직접하기, 관광-여행, 오락-휴식","문화예술 관람하기, 스포츠 관람하기, 운동-스포츠 직접하기, 관광-여행, 오락-휴식"
53363221,202211,F,40대,광주광역시,300이상500만원 미만,"문화예술 관람하기, 자기계발-자기관리","문화예술 관람하기, 자기계발-자기관리"
53335939,202211,M,30대,광주광역시,300이상500만원 미만,"관광-여행, 오락-휴식","문화예술 관람하기, 관광-여행, 오락-휴식, 사회교류"
53348724,202211,F,30대,광주광역시,300이상500만원 미만,"운동-스포츠 직접하기, 관광-여행, 오락-휴식, 자기계발-자기관리","운동-스포츠 직접하기, 관광-여행, 오락-휴식, 자기계발-자기관리"
53340505,202211,F,30대,광주광역시,300이상500만원 미만,"문화예술 관람하기, 오락-휴식, 자기계발-자기관리","문화예술 관람하기, 오락-휴식, 자기계발-자기관리"
53360247,202211,M,30대,광주광역시,300이상500만원 미만,"문화예술 관람하기, 스포츠 관람하기, 관광-여행, 오락-휴식, 자기계발-자기관리, 사회교류","문화예술 관람하기, 스포츠 관람하기, 관광-여행, 오락-휴식, 자기계발-자기관리, 사회교류"
53332267,202211,M,30대,광주광역시,300이상500만원 미만,"문화예술 관람하기, 문화예술 직접하기, 스포츠 관람하기, 관광-여행, 오락-휴식, 자기계발-자기관리, 사회교류","문화예술 관람하기, 문화예술 직접하기, 스포츠 관람하기, 관광-여행, 오락-휴식, 자기계발-자기관리, 사회교류"
53336040,202211,F,30대,광주광역시,300이상500만원 미만,관광-여행,"스포츠 관람하기, 관광-여행, 오락-휴식"
53339100,202211,F,30대,광주광역시,300이상500만원 미만,"문화예술 관람하기, 문화예술 직접하기, 관광-여행, 오락-휴식, 자기계발-자기관리, 사회교류","문화예술 관람하기, 문화예술 직접하기, 관광-여행, 오락-휴식, 자기계발-자기관리, 사회교류"
53328246,202211,M,40대,경상북도,300이상500만원 미만,"운동-스포츠 직접하기, 오락-휴식","운동-스포츠 직접하기, 오락-휴식"
53365548,202211,M,20대,광주광역시,300이상500만원 미만,"운동-스포츠 직접하기, 오락-휴식, 자기계발-자기관리","운동-스포츠 직접하기, 오락-휴식, 자기계발-자기관리"
53374874,202211,F,20대,경상북도,300이상500만원 미만,"관광-여행, 오락-휴식, 사회교류","문화예술 직접하기, 운동-스포츠 직접하기, 관광-여행, 오락-휴식, 자기계발-자기관리, 사회교류"
53330515,202211,F,20대,경상북도,300이상500만원 미만,"문화예술 관람하기, 운동-스포츠 직접하기, 관광-여행, 오락-휴식, 자기계발-자기관리","문화예술 관람하기, 스포츠 관람하기, 운동-스포츠 직접하기, 관광-여행, 오락-휴식, 자기계발-자기관리"
53358670,202211,F,20대,경상북도,300이상500만원 미만,"문화예술 관람하기, 문화예술 직접하기, 스포츠 관람하기, 운동-스포츠 직접하기, 자기계발-자기관리","문화예술 관람하기, 문화예술 직접하기, 스포츠 관람하기, 운동-스포츠 직접하기, 자기계발-자기관리"
53355830,202211,F,20대,경상북도,300이상500만원 미만,"문화예술 관람하기, 오락-휴식","문화예술 관람하기, 오락-휴식"
53362752,202211,F,30대,경상북도,300이상500만원 미만,"운동-스포츠 직접하기, 관광-여행, 오락-휴식, 자기계발-자기관리, 사회교류","문화예술 관람하기, 운동-스포츠 직접하기, 관광-여행, 오락-휴식, 자기계발-자기관리, 사회교류"
53346482,202211,M,30대,경상북도,300이상500만원 미만,"스포츠 관람하기, 운동-스포츠 직접하기, 관광-여행, 오락-휴식, 자기계발-자기관리, 사회교류","문화예술 관람하기, 스포츠 관람하기, 운동-스포츠 직접하기, 관광-여행, 오락-휴식, 자기계발-자기관리, 사회교류"
53346930,202211,F,30대,경상북도,300이상500만원 미만,"운동-스포츠 직접하기, 관광-여행, 오락-휴식","운동-스포츠 직접하기, 관광-여행, 오락-휴식"
53347156,202211,F,30대,경상북도,300이상500만원 미만,"문화예술 관람하기, 운동-스포츠 직접하기, 관광-여행, 오락-휴식, 자기계발-자기관리, 사회교류","문화예술 관람하기, 운동-스포츠 직접하기, 관광-여행, 오락-휴식, 자기계발-자기관리, 사회교류"
53359920,202211,M,40대,경상북도,300이상500만원 미만,"문화예술 관람하기, 운동-스포츠 직접하기, 관광-여행, 오락-휴식, 사회교류","문화예술 관람하기, 운동-스포츠 직접하기, 관광-여행, 오락-휴식, 사회교류"
53355384,202211,M,40대,경상북도,300이상500만원 미만,오락-휴식,"문화예술 관람하기, 오락-휴식, 자기계발-자기관리"
53359425,202211,M,40대,경상북도,300이상500만원 미만,"스포츠 관람하기, 운동-스포츠 직접하기, 오락-휴식","스포츠 관람하기, 운동-스포츠 직접하기, 관광-여행, 오락-휴식"
53352405,202211,M,40대,경상북도,300이상500만원 미만,"문화예술 관람하기, 스포츠 관람하기, 운동-스포츠 직접하기, 관광-여행, 오락-휴식, 자기계발-자기관리, 사회교류","문화예술 관람하기, 스포츠 관람하기, 운동-스포츠 직접하기, 관광-여행, 오락-휴식, 자기계발-자기관리, 사회교류"
53335208,202211,F,50대,경상북도,300이상500만원 미만,"문화예술 관람하기, 운동-스포츠 직접하기, 관광-여행, 오락-휴식, 자기계발-자기관리","문화예술 관람하기, 운동-스포츠 직접하기, 관광-여행, 오락-휴식, 자기계발-자기관리"
53340500,202211,M,40대,경상북도,300이상500만원 미만,자기계발-자기관리,"문화예술 직접하기, 자기계발-자기관리"
53333584,202211,M,40대,경상북도,300이상500만원 미만,"문화예술 관람하기, 운동-스포츠 직접하기, 관광-여행, 오락-휴식, 자기계발-자기관리, 사회교류","문화예술 관람하기, 운동-스포츠 직접하기, 관광-여행, 오락-휴식, 자기계발-자기관리, 사회교류"
53334070,202211,M,40대,경상북도,300이상500만원 미만,"스포츠 관람하기, 운동-스포츠 직접하기, 오락-휴식, 사회교류","스포츠 관람하기, 운동-스포츠 직접하기, 오락-휴식, 자기계발-자기관리, 사회교류"
53355553,202211,M,40대,경상북도,300이상500만원 미만,오락-휴식,"문화예술 관람하기, 스포츠 관람하기, 운동-스포츠 직접하기, 오락-휴식"
53363225,202211,M,40대,경상북도,300이상500만원 미만,"운동-스포츠 직접하기, 관광-여행","운동-스포츠 직접하기, 관광-여행"
53376992,202211,F,40대,경상북도,300이상500만원 미만,"문화예술 관람하기, 운동-스포츠 직접하기, 오락-휴식, 사회교류","문화예술 관람하기, 운동-스포츠 직접하기, 오락-휴식, 사회교류"
53330522,202211,F,40대,경상북도,300이상500만원 미만,"스포츠 관람하기, 관광-여행, 오락-휴식, 자기계발-자기관리, 사회교류","문화예술 직접하기, 스포츠 관람하기, 관광-여행, 오락-휴식, 자기계발-자기관리, 사회교류"
53371977,202211,F,50대,경상북도,300이상500만원 미만,관광-여행,"문화예술 관람하기, 관광-여행, 오락-휴식"
53369517,202211,F,50대,경상북도,300이상500만원 미만,"스포츠 관람하기, 관광-여행, 오락-휴식, 자기계발-자기관리, 사회교류","스포츠 관람하기, 관광-여행, 오락-휴식, 자기계발-자기관리, 사회교류"
53335824,202211,M,60대,경상북도,300이상500만원 미만,"문화예술 직접하기, 운동-스포츠 직접하기, 관광-여행, 자기계발-자기관리","문화예술 직접하기, 운동-스포츠 직접하기, 관광-여행, 자기계발-자기관리"
53350555,202211,M,50대,경상북도,300이상500만원 미만,관광-여행,관광-여행
53352116,202211,M,60대,경상북도,300이상500만원 미만,"문화예술 직접하기, 스포츠 관람하기, 운동-스포츠 직접하기, 관광-여행, 오락-휴식, 자기계발-자기관리, 사회교류","문화예술 직접하기, 스포츠 관람하기, 운동-스포츠 직접하기, 관광-여행, 오락-휴식, 자기계발-자기관리, 사회교류"
53377167,202211,F,50대,경상북도,300이상500만원 미만,"문화예술 관람하기, 문화예술 직접하기, 운동-스포츠 직접하기, 관광-여행, 오락-휴식, 자기계발-자기관리, 사회교류","문화예술 관람하기, 문화예술 직접하기, 운동-스포츠 직접하기, 관광-여행, 오락-휴식, 자기계발-자기관리, 사회교류"
53336277,202211,F,50대,경상북도,300이상500만원 미만,"문화예술 관람하기, 운동-스포츠 직접하기, 관광-여행, 오락-휴식, 자기계발-자기관리, 사회교류","문화예술 관람하기, 운동-스포츠 직접하기, 관광-여행, 오락-휴식, 자기계발-자기관리, 사회교류"
53366775,202211,F,50대,경상북도,300이상500만원 미만,사회교류,"문화예술 관람하기, 사회교류"
53338083,202211,M,60대,경상북도,300이상500만원 미만,"문화예술 관람하기, 스포츠 관람하기, 오락-휴식, 자기계발-자기관리","문화예술 관람하기, 스포츠 관람하기, 오락-휴식, 자기계발-자기관리"
53350286,202211,M,60대,경상북도,300이상500만원 미만,"문화예술 관람하기, 스포츠 관람하기, 운동-스포츠 직접하기, 관광-여행, 오락-휴식, 자기계발-자기관리, 사회교류","문화예술 관람하기, 스포츠 관람하기, 운동-스포츠 직접하기, 관광-여행, 오락-휴식, 자기계발-자기관리, 사회교류"
53374146,202211,M,60대,경상북도,300이상500만원 미만,"문화예술 관람하기, 스포츠 관람하기, 운동-스포츠 직접하기, 관광-여행, 오락-휴식, 사회교류","문화예술 관람하기, 스포츠 관람하기, 운동-스포츠 직접하기, 관광-여행, 오락-휴식, 사회교류"
53366638,202211,M,60대,경상북도,300이상500만원 미만,"문화예술 관람하기, 문화예술 직접하기, 스포츠 관람하기, 운동-스포츠 직접하기, 관광-여행, 오락-휴식, 자기계발-자기관리, 사회교류","문화예술 관람하기, 문화예술 직접하기, 스포츠 관람하기, 운동-스포츠 직접하기, 관광-여행, 오락-휴식, 자기계발-자기관리, 사회교류"
53371185,202211,M,60대,경상북도,300이상500만원 미만,"문화예술 직접하기, 스포츠 관람하기, 운동-스포츠 직접하기, 관광-여행, 오락-휴식, 자기계발-자기관리, 사회교류","문화예술 직접하기, 스포츠 관람하기, 운동-스포츠 직접하기, 관광-여행, 오락-휴식, 자기계발-자기관리, 사회교류"
53368627,202211,M,60대,경상북도,300이상500만원 미만,"문화예술 관람하기, 스포츠 관람하기, 운동-스포츠 직접하기, 관광-여행","문화예술 관람하기, 스포츠 관람하기, 운동-스포츠 직접하기, 관광-여행"
53345355,202211,M,50대,경상북도,300이상500만원 미만,"문화예술 관람하기, 스포츠 관람하기, 운동-스포츠 직접하기, 관광-여행, 오락-휴식, 사회교류","문화예술 관람하기, 스포츠 관람하기, 운동-스포츠 직접하기, 관광-여행, 오락-휴식, 사회교류"
53351007,202211,M,60대,경상북도,300이상500만원 미만,"문화예술 관람하기, 운동-스포츠 직접하기, 사회교류","문화예술 관람하기, 운동-스포츠 직접하기, 관광-여행, 사회교류"
53325805,202211,M,60대,경상북도,300이상500만원 미만,"문화예술 관람하기, 문화예술 직접하기, 스포츠 관람하기, 운동-스포츠 직접하기, 관광-여행, 오락-휴식, 자기계발-자기관리, 사회교류","문화예술 관람하기, 문화예술 직접하기, 스포츠 관람하기, 운동-스포츠 직접하기, 관광-여행, 오락-휴식, 자기계발-자기관리, 사회교류"
53364326,202211,M,60대,경상북도,300이상500만원 미만,"운동-스포츠 직접하기, 오락-휴식, 사회교류","문화예술 관람하기, 운동-스포츠 직접하기, 관광-여행, 오락-휴식, 사회교류"
53368525,202211,F,60대,경상북도,300이상500만원 미만,"스포츠 관람하기, 운동-스포츠 직접하기, 자기계발-자기관리, 사회교류","스포츠 관람하기, 운동-스포츠 직접하기, 자기계발-자기관리, 사회교류"
53342481,202211,M,60대,경상남도,300이상500만원 미만,"문화예술 관람하기, 문화예술 직접하기, 스포츠 관람하기, 운동-스포츠 직접하기, 관광-여행, 오락-휴식, 자기계발-자기관리, 사회교류","문화예술 관람하기, 문화예술 직접하기, 스포츠 관람하기, 운동-스포츠 직접하기, 관광-여행, 오락-휴식, 자기계발-자기관리, 사회교류"
53354320,202211,F,60대,경상남도,300이상500만원 미만,"문화예술 관람하기, 문화예술 직접하기, 스포츠 관람하기, 운동-스포츠 직접하기, 관광-여행, 오락-휴식, 자기계발-자기관리, 사회교류","문화예술 관람하기, 문화예술 직접하기, 스포츠 관람하기, 운동-스포츠 직접하기, 관광-여행, 오락-휴식, 자기계발-자기관리, 사회교류"
53331704,202211,F,60대,경상북도,300이상500만원 미만,"스포츠 관람하기, 운동-스포츠 직접하기, 관광-여행, 오락-휴식, 사회교류","문화예술 관람하기, 스포츠 관람하기, 운동-스포츠 직접하기, 관광-여행, 오락-휴식, 사회교류"
53333377,202211,F,60대,경상북도,300이상500만원 미만,"문화예술 직접하기, 사회교류","문화예술 직접하기, 사회교류"
53360739,202211,F,60대,경상북도,300이상500만원 미만,"문화예술 관람하기, 문화예술 직접하기, 스포츠 관람하기, 운동-스포츠 직접하기, 관광-여행, 오락-휴식, 자기계발-자기관리, 사회교류","문화예술 관람하기, 문화예술 직접하기, 스포츠 관람하기, 운동-스포츠 직접하기, 관광-여행, 오락-휴식, 자기계발-자기관리, 사회교류"
53349749,202211,F,60대,경상남도,300이상500만원 미만,"문화예술 관람하기, 관광-여행, 오락-휴식","문화예술 관람하기, 관광-여행, 오락-휴식"
53368119,202211,F,60대,경상남도,300이상500만원 미만,"스포츠 관람하기, 운동-스포츠 직접하기, 자기계발-자기관리","스포츠 관람하기, 운동-스포츠 직접하기, 자기계발-자기관리"
53332412,202211,F,60대,경상남도,300이상500만원 미만,"스포츠 관람하기, 운동-스포츠 직접하기, 오락-휴식, 자기계발-자기관리","스포츠 관람하기, 운동-스포츠 직접하기, 오락-휴식, 자기계발-자기관리"
53346229,202211,F,60대,경상남도,300이상500만원 미만,"스포츠 관람하기, 운동-스포츠 직접하기, 오락-휴식","문화예술 관람하기, 문화예술 직접하기, 스포츠 관람하기, 운동-스포츠 직접하기, 관광-여행, 오락-휴식"
53337961,202211,F,60대,경상남도,300이상500만원 미만,"문화예술 관람하기, 운동-스포츠 직접하기, 관광-여행, 오락-휴식, 사회교류","문화예술 관람하기, 운동-스포츠 직접하기, 관광-여행, 오락-휴식, 사회교류"
53354010,202211,M,60대,경상남도,300이상500만원 미만,"운동-스포츠 직접하기, 사회교류","운동-스포츠 직접하기, 사회교류"
53366946,202211,M,60대,경상남도,300이상500만원 미만,사회교류,사회교류
53361712,202211,M,60대,경상남도,300이상500만원 미만,"문화예술 관람하기, 문화예술 직접하기, 스포츠 관람하기, 운동-스포츠 직접하기, 관광-여행, 오락-휴식, 자기계발-자기관리, 사회교류","문화예술 관람하기, 문화예술 직접하기, 스포츠 관람하기, 운동-스포츠 직접하기, 관광-여행, 오락-휴식, 자기계발-자기관리, 사회교류"
53348946,202211,M,50대,경상남도,300이상500만원 미만,"스포츠 관람하기, 운동-스포츠 직접하기, 관광-여행, 오락-휴식, 사회교류","스포츠 관람하기, 운동-스포츠 직접하기, 관광-여행, 오락-휴식, 사회교류"
53334335,202211,M,50대,경상남도,300이상500만원 미만,"문화예술 관람하기, 오락-휴식, 사회교류","문화예술 관람하기, 스포츠 관람하기, 오락-휴식, 사회교류"
53371428,202211,M,50대,경상남도,300이상500만원 미만,"문화예술 관람하기, 관광-여행, 오락-휴식, 자기계발-자기관리, 사회교류","문화예술 관람하기, 문화예술 직접하기, 관광-여행, 오락-휴식, 자기계발-자기관리, 사회교류"
53337729,202211,M,60대,경상남도,300이상500만원 미만,"운동-스포츠 직접하기, 오락-휴식","운동-스포츠 직접하기, 관광-여행, 오락-휴식"
53364167,202211,M,60대,경상남도,300이상500만원 미만,"문화예술 관람하기, 운동-스포츠 직접하기, 관광-여행","문화예술 관람하기, 운동-스포츠 직접하기, 관광-여행"
53363445,202211,M,50대,경상남도,300이상500만원 미만,"스포츠 관람하기, 운동-스포츠 직접하기, 관광-여행, 오락-휴식","스포츠 관람하기, 운동-스포츠 직접하기, 관광-여행, 오락-휴식"
53353335,202211,F,50대,경상남도,300이상500만원 미만,"운동-스포츠 직접하기, 사회교류","문화예술 직접하기, 운동-스포츠 직접하기, 사회교류"
53356157,202211,F,50대,경상남도,300이상500만원 미만,"운동-스포츠 직접하기, 자기계발-자기관리","운동-스포츠 직접하기, 자기계발-자기관리"
53360308,202211,F,40대,경상남도,300이상500만원 미만,"운동-스포츠 직접하기, 관광-여행, 오락-휴식, 사회교류","운동-스포츠 직접하기, 관광-여행, 오락-휴식, 사회교류"
53368517,202211,F,40대,경상남도,300이상500만원 미만,"문화예술 관람하기, 문화예술 직접하기, 오락-휴식, 사회교류","문화예술 관람하기, 문화예술 직접하기, 관광-여행, 오락-휴식, 사회교류"
53353248,202211,F,40대,경상남도,300이상500만원 미만,"운동-스포츠 직접하기, 관광-여행, 오락-휴식","운동-스포츠 직접하기, 관광-여행, 오락-휴식"
53353984,202211,F,40대,경상남도,300이상500만원 미만,"문화예술 관람하기, 스포츠 관람하기, 운동-스포츠 직접하기, 관광-여행, 오락-휴식, 사회교류","문화예술 관람하기, 문화예술 직접하기, 스포츠 관람하기, 운동-스포츠 직접하기, 관광-여행, 오락-휴식, 사회교류"
53344679,202211,F,40대,경상남도,300이상500만원 미만,"문화예술 관람하기, 운동-스포츠 직접하기, 관광-여행, 오락-휴식, 자기계발-자기관리","문화예술 관람하기, 문화예술 직접하기, 스포츠 관람하기, 운동-스포츠 직접하기, 관광-여행, 오락-휴식, 자기계발-자기관리"
53353775,202211,F,40대,경상남도,300이상500만원 미만,"스포츠 관람하기, 관광-여행, 오락-휴식, 자기계발-자기관리, 사회교류","문화예술 관람하기, 스포츠 관람하기, 관광-여행, 오락-휴식, 자기계발-자기관리, 사회교류"
53363628,202211,F,40대,경상남도,300이상500만원 미만,오락-휴식,"스포츠 관람하기, 오락-휴식"
53352181,202211,M,40대,경상남도,300이상500만원 미만,"스포츠 관람하기, 오락-휴식","스포츠 관람하기, 오락-휴식"
53346581,202211,M,40대,경상남도,300이상500만원 미만,"문화예술 관람하기, 스포츠 관람하기, 운동-스포츠 직접하기, 관광-여행, 오락-휴식","문화예술 관람하기, 스포츠 관람하기, 운동-스포츠 직접하기, 관광-여행, 오락-휴식, 자기계발-자기관리, 사회교류"
53353374,202211,M,40대,경상남도,300이상500만원 미만,"운동-스포츠 직접하기, 관광-여행","운동-스포츠 직접하기, 관광-여행"
53353655,202211,M,40대,경상남도,300이상500만원 미만,"문화예술 관람하기, 운동-스포츠 직접하기, 관광-여행, 오락-휴식, 사회교류","문화예술 관람하기, 운동-스포츠 직접하기, 관광-여행, 오락-휴식, 사회교류"
53329979,202211,M,40대,경상남도,300이상500만원 미만,"문화예술 관람하기, 스포츠 관람하기, 운동-스포츠 직접하기, 관광-여행, 오락-휴식, 자기계발-자기관리, 사회교류","문화예술 관람하기, 문화예술 직접하기, 스포츠 관람하기, 운동-스포츠 직접하기, 관광-여행, 오락-휴식, 자기계발-자기관리, 사회교류"
53340549,202211,M,40대,경상남도,300이상500만원 미만,"문화예술 관람하기, 운동-스포츠 직접하기, 관광-여행","문화예술 관람하기, 운동-스포츠 직접하기, 관광-여행"
53335509,202211,M,40대,경상남도,300이상500만원 미만,"문화예술 관람하기, 문화예술 직접하기, 스포츠 관람하기, 운동-스포츠 직접하기, 오락-휴식, 사회교류","문화예술 관람하기, 문화예술 직접하기, 스포츠 관람하기, 운동-스포츠 직접하기, 오락-휴식, 사회교류"
53372985,202211,M,30대,경상남도,300이상500만원 미만,"문화예술 관람하기, 운동-스포츠 직접하기, 관광-여행, 오락-휴식, 자기계발-자기관리, 사회교류","문화예술 관람하기, 운동-스포츠 직접하기, 관광-여행, 오락-휴식, 자기계발-자기관리, 사회교류"
53352496,202211,M,30대,경상남도,300이상500만원 미만,"문화예술 관람하기, 자기계발-자기관리","문화예술 관람하기, 자기계발-자기관리"
53338234,202211,M,30대,경상남도,300이상500만원 미만,자기계발-자기관리,자기계발-자기관리
53332429,202211,M,30대,경상남도,300이상500만원 미만,"관광-여행, 오락-휴식","문화예술 관람하기, 관광-여행, 오락-휴식"
53335786,202211,F,30대,경상남도,300이상500만원 미만,관광-여행,관광-여행
53366407,202211,M,30대,경상남도,300이상500만원 미만,"문화예술 관람하기, 운동-스포츠 직접하기, 관광-여행, 오락-휴식, 자기계발-자기관리","문화예술 관람하기, 운동-스포츠 직접하기, 관광-여행, 오락-휴식, 자기계발-자기관리"
53359900,202211,F,30대,경상남도,300이상500만원 미만,"문화예술 직접하기, 운동-스포츠 직접하기, 관광-여행, 오락-휴식, 자기계발-자기관리","문화예술 직접하기, 운동-스포츠 직접하기, 관광-여행, 오락-휴식, 자기계발-자기관리"
53352417,202211,M,30대,경상남도,300이상500만원 미만,"문화예술 직접하기, 운동-스포츠 직접하기, 관광-여행, 오락-휴식, 자기계발-자기관리, 사회교류","문화예술 관람하기, 문화예술 직접하기, 운동-스포츠 직접하기, 관광-여행, 오락-휴식, 자기계발-자기관리, 사회교류"
53330017,202211,M,30대,경상남도,300이상500만원 미만,"운동-스포츠 직접하기, 관광-여행, 오락-휴식, 자기계발-자기관리, 사회교류","운동-스포츠 직접하기, 관광-여행, 오락-휴식, 자기계발-자기관리, 사회교류"
53371642,202211,M,30대,경상남도,300이상500만원 미만,"운동-스포츠 직접하기, 오락-휴식, 사회교류","운동-스포츠 직접하기, 오락-휴식, 사회교류"
53334895,202211,M,30대,경상남도,300이상500만원 미만,"문화예술 관람하기, 관광-여행, 오락-휴식","문화예술 관람하기, 관광-여행, 오락-휴식"
53332185,202211,M,30대,경상남도,300이상500만원 미만,"운동-스포츠 직접하기, 관광-여행, 오락-휴식","문화예술 관람하기, 스포츠 관람하기, 운동-스포츠 직접하기, 관광-여행, 오락-휴식, 사회교류"
53331029,202211,F,30대,경상남도,300이상500만원 미만,"관광-여행, 오락-휴식, 사회교류","관광-여행, 오락-휴식, 사회교류"
53334979,202211,F,30대,경상남도,300이상500만원 미만,"운동-스포츠 직접하기, 관광-여행, 오락-휴식, 사회교류","운동-스포츠 직접하기, 관광-여행, 오락-휴식, 사회교류"
53354096,202211,F,20대,경상남도,300이상500만원 미만,자기계발-자기관리,"문화예술 관람하기, 자기계발-자기관리"
53363335,202211,F,20대,경상남도,300이상500만원 미만,"문화예술 직접하기, 운동-스포츠 직접하기, 오락-휴식, 자기계발-자기관리, 사회교류","문화예술 관람하기, 문화예술 직접하기, 스포츠 관람하기, 운동-스포츠 직접하기, 관광-여행, 오락-휴식, 자기계발-자기관리, 사회교류"
53336215,202211,F,20대,경상남도,300이상500만원 미만,"문화예술 관람하기, 운동-스포츠 직접하기, 오락-휴식, 자기계발-자기관리, 사회교류","문화예술 관람하기, 운동-스포츠 직접하기, 오락-휴식, 자기계발-자기관리, 사회교류"
53370000,202211,F,20대,경상남도,300이상500만원 미만,"문화예술 관람하기, 운동-스포츠 직접하기, 관광-여행, 오락-휴식, 자기계발-자기관리","문화예술 관람하기, 운동-스포츠 직접하기, 관광-여행, 오락-휴식, 자기계발-자기관리"
53340282,202211,M,20대,경상남도,300이상500만원 미만,"스포츠 관람하기, 운동-스포츠 직접하기, 관광-여행, 오락-휴식, 사회교류","스포츠 관람하기, 운동-스포츠 직접하기, 관광-여행, 오락-휴식, 사회교류"
53376833,202211,F,20대,경상남도,300이상500만원 미만,"운동-스포츠 직접하기, 관광-여행, 오락-휴식, 자기계발-자기관리","스포츠 관람하기, 운동-스포츠 직접하기, 관광-여행, 오락-휴식, 자기계발-자기관리"
53374334,202211,M,20대,경기도,300이상500만원 미만,"문화예술 관람하기, 운동-스포츠 직접하기, 관광-여행, 오락-휴식, 자기계발-자기관리, 사회교류","문화예술 관람하기, 운동-스포츠 직접하기, 관광-여행, 오락-휴식, 자기계발-자기관리, 사회교류"
53344108,202211,M,20대,경기도,300이상500만원 미만,"문화예술 관람하기, 문화예술 직접하기, 스포츠 관람하기, 관광-여행, 오락-휴식, 자기계발-자기관리","문화예술 관람하기, 문화예술 직접하기, 스포츠 관람하기, 운동-스포츠 직접하기, 관광-여행, 오락-휴식, 자기계발-자기관리"
53342686,202211,M,20대,경기도,300이상500만원 미만,"문화예술 직접하기, 운동-스포츠 직접하기, 관광-여행, 오락-휴식","문화예술 직접하기, 운동-스포츠 직접하기, 관광-여행, 오락-휴식"
53346866,202211,M,20대,경기도,300이상500만원 미만,관광-여행,"운동-스포츠 직접하기, 관광-여행"
53331351,202211,M,20대,경기도,300이상500만원 미만,"문화예술 관람하기, 스포츠 관람하기, 운동-스포츠 직접하기, 관광-여행, 오락-휴식","문화예술 관람하기, 스포츠 관람하기, 운동-스포츠 직접하기, 관광-여행, 오락-휴식, 자기계발-자기관리"
53349632,202211,M,20대,경기도,300이상500만원 미만,"문화예술 관람하기, 스포츠 관람하기, 오락-휴식, 자기계발-자기관리, 사회교류","문화예술 관람하기, 문화예술 직접하기, 스포츠 관람하기, 관광-여행, 오락-휴식, 자기계발-자기관리, 사회교류"
53350940,202211,M,20대,경기도,300이상500만원 미만,"문화예술 관람하기, 자기계발-자기관리, 사회교류","문화예술 관람하기, 문화예술 직접하기, 스포츠 관람하기, 운동-스포츠 직접하기, 관광-여행, 오락-휴식, 자기계발-자기관리, 사회교류"
53339483,202211,F,20대,경기도,300이상500만원 미만,"문화예술 관람하기, 스포츠 관람하기, 운동-스포츠 직접하기, 관광-여행, 오락-휴식, 사회교류","문화예술 관람하기, 스포츠 관람하기, 운동-스포츠 직접하기, 관광-여행, 오락-휴식, 사회교류"
53352629,202211,F,20대,경기도,300이상500만원 미만,"운동-스포츠 직접하기, 사회교류","스포츠 관람하기, 운동-스포츠 직접하기, 오락-휴식, 사회교류"
53356681,202211,M,20대,경기도,300이상500만원 미만,"문화예술 관람하기, 관광-여행","문화예술 관람하기, 관광-여행"
53372210,202211,M,20대,경기도,300이상500만원 미만,운동-스포츠 직접하기,"운동-스포츠 직접하기, 자기계발-자기관리"
53370327,202211,M,20대,경기도,300이상500만원 미만,"운동-스포츠 직접하기, 관광-여행, 오락-휴식, 자기계발-자기관리","운동-스포츠 직접하기, 관광-여행, 오락-휴식, 자기계발-자기관리"
53332002,202211,M,20대,경기도,300이상500만원 미만,"운동-스포츠 직접하기, 오락-휴식, 자기계발-자기관리","문화예술 관람하기, 운동-스포츠 직접하기, 오락-휴식, 자기계발-자기관리"
53343375,202211,M,20대,경기도,300이상500만원 미만,"운동-스포츠 직접하기, 오락-휴식, 자기계발-자기관리","운동-스포츠 직접하기, 오락-휴식, 자기계발-자기관리"
53371000,202211,M,20대,경기도,300이상500만원 미만,"문화예술 관람하기, 관광-여행, 오락-휴식, 사회교류","문화예술 관람하기, 문화예술 직접하기, 관광-여행, 오락-휴식, 자기계발-자기관리, 사회교류"
53357286,202211,M,20대,경기도,300이상500만원 미만,"스포츠 관람하기, 운동-스포츠 직접하기, 관광-여행, 오락-휴식, 자기계발-자기관리, 사회교류","문화예술 관람하기, 스포츠 관람하기, 운동-스포츠 직접하기, 관광-여행, 오락-휴식, 자기계발-자기관리, 사회교류"
53333004,202211,F,20대,경기도,300이상500만원 미만,"운동-스포츠 직접하기, 관광-여행, 오락-휴식, 자기계발-자기관리, 사회교류","문화예술 관람하기, 운동-스포츠 직접하기, 관광-여행, 오락-휴식, 자기계발-자기관리, 사회교류"
53344100,202211,F,20대,경기도,300이상500만원 미만,"운동-스포츠 직접하기, 관광-여행, 오락-휴식, 자기계발-자기관리, 사회교류","문화예술 직접하기, 운동-스포츠 직접하기, 관광-여행, 오락-휴식, 자기계발-자기관리, 사회교류"
53342230,202211,F,20대,경기도,300이상500만원 미만,"문화예술 관람하기, 오락-휴식, 사회교류","문화예술 관람하기, 스포츠 관람하기, 관광-여행, 오락-휴식, 사회교류"
53361402,202211,F,20대,경기도,300이상500만원 미만,"문화예술 관람하기, 오락-휴식, 자기계발-자기관리","문화예술 관람하기, 관광-여행, 오락-휴식, 자기계발-자기관리"
53330827,202211,F,20대,경기도,300이상500만원 미만,"운동-스포츠 직접하기, 오락-휴식, 자기계발-자기관리, 사회교류","문화예술 관람하기, 운동-스포츠 직접하기, 관광-여행, 오락-휴식, 자기계발-자기관리, 사회교류"
53339723,202211,F,30대,경기도,300이상500만원 미만,"문화예술 관람하기, 운동-스포츠 직접하기, 관광-여행, 오락-휴식, 자기계발-자기관리","문화예술 관람하기, 문화예술 직접하기, 운동-스포츠 직접하기, 관광-여행, 오락-휴식, 자기계발-자기관리"
53337519,202211,F,30대,경기도,300이상500만원 미만,자기계발-자기관리,"자기계발-자기관리, 사회교류"
53334543,202211,F,30대,경기도,300이상500만원 미만,"문화예술 관람하기, 문화예술 직접하기, 관광-여행, 오락-휴식, 자기계발-자기관리, 사회교류","문화예술 관람하기, 문화예술 직접하기, 관광-여행, 오락-휴식, 자기계발-자기관리, 사회교류"
53338713,202211,F,30대,경기도,300이상500만원 미만,관광-여행,관광-여행
53373568,202211,F,30대,경기도,300이상500만원 미만,"운동-스포츠 직접하기, 관광-여행, 오락-휴식","문화예술 직접하기, 운동-스포츠 직접하기, 관광-여행, 오락-휴식"
53328259,202211,F,30대,경기도,300이상500만원 미만,"스포츠 관람하기, 관광-여행, 오락-휴식, 자기계발-자기관리","스포츠 관람하기, 관광-여행, 오락-휴식, 자기계발-자기관리"
53344640,202211,F,30대,경기도,300이상500만원 미만,"운동-스포츠 직접하기, 관광-여행, 오락-휴식","운동-스포츠 직접하기, 관광-여행, 오락-휴식"
53333151,202211,M,30대,경기도,300이상500만원 미만,"운동-스포츠 직접하기, 오락-휴식","스포츠 관람하기, 운동-스포츠 직접하기, 오락-휴식"
53337151,202211,M,30대,경기도,300이상500만원 미만,"운동-스포츠 직접하기, 사회교류","운동-스포츠 직접하기, 사회교류"
53364110,202211,M,30대,경기도,300이상500만원 미만,"운동-스포츠 직접하기, 오락-휴식, 사회교류","스포츠 관람하기, 운동-스포츠 직접하기, 오락-휴식, 사회교류"
53362857,202211,M,30대,경기도,300이상500만원 미만,관광-여행,관광-여행
53328020,202211,M,30대,경기도,300이상500만원 미만,"운동-스포츠 직접하기, 관광-여행, 오락-휴식, 자기계발-자기관리, 사회교류","운동-스포츠 직접하기, 관광-여행, 오락-휴식, 자기계발-자기관리, 사회교류"
53326522,202211,M,30대,경기도,300이상500만원 미만,오락-휴식,"문화예술 직접하기, 오락-휴식"
53356951,202211,M,30대,경기도,300이상500만원 미만,오락-휴식,오락-휴식
53368123,202211,M,30대,경기도,300이상500만원 미만,사회교류,사회교류
53369617,202211,M,30대,경기도,300이상500만원 미만,"운동-스포츠 직접하기, 오락-휴식","운동-스포츠 직접하기, 오락-휴식"
53369746,202211,M,30대,경기도,300이상500만원 미만,"스포츠 관람하기, 운동-스포츠 직접하기, 관광-여행","스포츠 관람하기, 운동-스포츠 직접하기, 관광-여행"
53346084,202211,M,30대,경기도,300이상500만원 미만,"문화예술 관람하기, 오락-휴식","문화예술 관람하기, 스포츠 관람하기, 운동-스포츠 직접하기, 관광-여행, 오락-휴식"
53369754,202211,F,30대,경기도,300이상500만원 미만,"문화예술 관람하기, 관광-여행, 오락-휴식, 자기계발-자기관리, 사회교류","문화예술 관람하기, 관광-여행, 오락-휴식, 자기계발-자기관리, 사회교류"
53355711,202211,F,30대,경기도,300이상500만원 미만,"오락-휴식, 사회교류","문화예술 관람하기, 오락-휴식, 사회교류"
53326013,202211,F,30대,경기도,300이상500만원 미만,"문화예술 관람하기, 운동-스포츠 직접하기, 관광-여행, 오락-휴식, 사회교류","문화예술 관람하기, 운동-스포츠 직접하기, 관광-여행, 오락-휴식, 사회교류"
53371186,202211,F,30대,경기도,300이상500만원 미만,"스포츠 관람하기, 관광-여행, 오락-휴식, 사회교류","스포츠 관람하기, 관광-여행, 오락-휴식, 자기계발-자기관리, 사회교류"
53375364,202211,F,30대,경기도,300이상500만원 미만,"문화예술 관람하기, 스포츠 관람하기, 관광-여행, 오락-휴식, 자기계발-자기관리, 사회교류","문화예술 관람하기, 스포츠 관람하기, 관광-여행, 오락-휴식, 자기계발-자기관리, 사회교류"
53358779,202211,F,30대,경기도,300이상500만원 미만,"문화예술 관람하기, 운동-스포츠 직접하기, 관광-여행, 오락-휴식","문화예술 관람하기, 운동-스포츠 직접하기, 관광-여행, 오락-휴식, 자기계발-자기관리"
53350684,202211,F,30대,경기도,300이상500만원 미만,"문화예술 직접하기, 오락-휴식, 자기계발-자기관리","문화예술 관람하기, 문화예술 직접하기, 오락-휴식, 자기계발-자기관리"
53327241,202211,F,30대,경기도,300이상500만원 미만,"문화예술 관람하기, 오락-휴식, 자기계발-자기관리","문화예술 관람하기, 관광-여행, 오락-휴식, 자기계발-자기관리"
53331959,202211,F,30대,경기도,300이상500만원 미만,"오락-휴식, 자기계발-자기관리","스포츠 관람하기, 관광-여행, 오락-휴식, 자기계발-자기관리"
53343015,202211,M,30대,경기도,300이상500만원 미만,"문화예술 관람하기, 관광-여행","문화예술 관람하기, 관광-여행"
53351666,202211,M,30대,경기도,300이상500만원 미만,"문화예술 관람하기, 스포츠 관람하기, 운동-스포츠 직접하기, 관광-여행, 오락-휴식","문화예술 관람하기, 스포츠 관람하기, 운동-스포츠 직접하기, 관광-여행, 오락-휴식"
53353868,202211,M,30대,경기도,300이상500만원 미만,관광-여행,"스포츠 관람하기, 관광-여행"
53350653,202211,M,30대,경기도,300이상500만원 미만,"문화예술 관람하기, 스포츠 관람하기, 운동-스포츠 직접하기, 관광-여행, 오락-휴식","문화예술 관람하기, 스포츠 관람하기, 운동-스포츠 직접하기, 관광-여행, 오락-휴식"
53332803,202211,M,30대,경기도,300이상500만원 미만,"문화예술 관람하기, 스포츠 관람하기, 운동-스포츠 직접하기, 관광-여행, 오락-휴식, 사회교류","문화예술 관람하기, 스포츠 관람하기, 운동-스포츠 직접하기, 관광-여행, 오락-휴식, 사회교류"
53338443,202211,M,30대,경기도,300이상500만원 미만,"문화예술 관람하기, 문화예술 직접하기, 자기계발-자기관리","문화예술 관람하기, 문화예술 직접하기, 스포츠 관람하기, 운동-스포츠 직접하기, 자기계발-자기관리"
53359030,202211,M,30대,경기도,300이상500만원 미만,"운동-스포츠 직접하기, 관광-여행","운동-스포츠 직접하기, 관광-여행"
53361998,202211,M,30대,경기도,300이상500만원 미만,"문화예술 직접하기, 자기계발-자기관리","문화예술 직접하기, 운동-스포츠 직접하기, 자기계발-자기관리"
53349652,202211,M,30대,경기도,300이상500만원 미만,"문화예술 관람하기, 운동-스포츠 직접하기, 관광-여행, 오락-휴식","문화예술 관람하기, 운동-스포츠 직접하기, 관광-여행, 오락-휴식"
53369980,202211,M,30대,경기도,300이상500만원 미만,스포츠 관람하기,"스포츠 관람하기, 오락-휴식"
53373024,202211,M,40대,경기도,300이상500만원 미만,"문화예술 관람하기, 스포츠 관람하기, 운동-스포츠 직접하기, 관광-여행, 오락-휴식, 자기계발-자기관리, 사회교류","문화예술 관람하기, 스포츠 관람하기, 운동-스포츠 직접하기, 관광-여행, 오락-휴식, 자기계발-자기관리, 사회교류"
53337093,202211,M,30대,경기도,300이상500만원 미만,"문화예술 관람하기, 문화예술 직접하기, 스포츠 관람하기, 운동-스포츠 직접하기, 관광-여행, 오락-휴식, 자기계발-자기관리, 사회교류","문화예술 관람하기, 문화예술 직접하기, 스포츠 관람하기, 운동-스포츠 직접하기, 관광-여행, 오락-휴식, 자기계발-자기관리, 사회교류"
53338289,202211,M,40대,경기도,300이상500만원 미만,"문화예술 관람하기, 스포츠 관람하기, 운동-스포츠 직접하기, 관광-여행, 오락-휴식","문화예술 관람하기, 문화예술 직접하기, 스포츠 관람하기, 운동-스포츠 직접하기, 관광-여행, 오락-휴식"
53332828,202211,M,40대,경기도,300이상500만원 미만,"문화예술 관람하기, 스포츠 관람하기, 관광-여행, 자기계발-자기관리","문화예술 관람하기, 스포츠 관람하기, 관광-여행, 자기계발-자기관리"
53326046,202211,M,40대,경기도,300이상500만원 미만,"스포츠 관람하기, 관광-여행, 자기계발-자기관리, 사회교류","스포츠 관람하기, 관광-여행, 자기계발-자기관리, 사회교류"
53369306,202211,M,30대,경기도,300이상500만원 미만,"문화예술 관람하기, 관광-여행, 사회교류","문화예술 관람하기, 스포츠 관람하기, 관광-여행, 사회교류"
53355813,202211,M,40대,경기도,300이상500만원 미만,"운동-스포츠 직접하기, 관광-여행, 오락-휴식","운동-스포츠 직접하기, 관광-여행, 오락-휴식"
53354654,202211,M,40대,경기도,300이상500만원 미만,"문화예술 관람하기, 관광-여행, 오락-휴식","문화예술 관람하기, 관광-여행, 오락-휴식"
53355110,202211,M,40대,경기도,300이상500만원 미만,"문화예술 관람하기, 스포츠 관람하기, 관광-여행, 오락-휴식, 자기계발-자기관리, 사회교류","문화예술 관람하기, 스포츠 관람하기, 관광-여행, 오락-휴식, 자기계발-자기관리, 사회교류"
53356142,202211,M,40대,경기도,300이상500만원 미만,"자기계발-자기관리, 사회교류","자기계발-자기관리, 사회교류"
53366722,202211,M,40대,경기도,300이상500만원 미만,"관광-여행, 오락-휴식, 사회교류","문화예술 관람하기, 관광-여행, 오락-휴식, 사회교류"
53370506,202211,M,40대,경기도,300이상500만원 미만,"운동-스포츠 직접하기, 관광-여행, 오락-휴식, 자기계발-자기관리","스포츠 관람하기, 운동-스포츠 직접하기, 관광-여행, 오락-휴식, 자기계발-자기관리"
53372197,202211,M,40대,경기도,300이상500만원 미만,"운동-스포츠 직접하기, 관광-여행, 오락-휴식","운동-스포츠 직접하기, 관광-여행, 오락-휴식"
53373367,202211,M,40대,경기도,300이상500만원 미만,"스포츠 관람하기, 운동-스포츠 직접하기, 관광-여행, 오락-휴식, 사회교류","스포츠 관람하기, 운동-스포츠 직접하기, 관광-여행, 오락-휴식, 사회교류"
53360350,202211,M,40대,경기도,300이상500만원 미만,"문화예술 관람하기, 관광-여행, 오락-휴식, 자기계발-자기관리","문화예술 관람하기, 스포츠 관람하기, 관광-여행, 오락-휴식, 자기계발-자기관리"
53338725,202211,M,30대,경기도,300이상500만원 미만,운동-스포츠 직접하기,"운동-스포츠 직접하기, 오락-휴식"
53345129,202211,M,40대,경기도,300이상500만원 미만,"문화예술 관람하기, 스포츠 관람하기, 운동-스포츠 직접하기, 관광-여행, 오락-휴식, 사회교류","문화예술 관람하기, 문화예술 직접하기, 스포츠 관람하기, 운동-스포츠 직접하기, 관광-여행, 오락-휴식, 자기계발-자기관리, 사회교류"
53329187,202211,M,40대,경기도,300이상500만원 미만,"운동-스포츠 직접하기, 오락-휴식","문화예술 관람하기, 운동-스포츠 직접하기, 오락-휴식, 자기계발-자기관리"
53329256,202211,M,40대,경기도,300이상500만원 미만,"오락-휴식, 사회교류","관광-여행, 오락-휴식, 사회교류"
53351118,202211,M,40대,경기도,300이상500만원 미만,"오락-휴식, 사회교류","오락-휴식, 사회교류"
53360086,202211,M,40대,경기도,300이상500만원 미만,"관광-여행, 오락-휴식, 자기계발-자기관리, 사회교류","관광-여행, 오락-휴식, 자기계발-자기관리, 사회교류"
53366253,202211,M,40대,경기도,300이상500만원 미만,"문화예술 관람하기, 문화예술 직접하기, 스포츠 관람하기, 운동-스포츠 직접하기, 관광-여행, 오락-휴식, 자기계발-자기관리, 사회교류","문화예술 관람하기, 문화예술 직접하기, 스포츠 관람하기, 운동-스포츠 직접하기, 관광-여행, 오락-휴식, 자기계발-자기관리, 사회교류"
53332080,202211,M,40대,경기도,300이상500만원 미만,"운동-스포츠 직접하기, 관광-여행, 오락-휴식, 자기계발-자기관리, 사회교류","운동-스포츠 직접하기, 관광-여행, 오락-휴식, 자기계발-자기관리, 사회교류"
53368399,202211,M,40대,경기도,300이상500만원 미만,"문화예술 관람하기, 오락-휴식","문화예술 관람하기, 오락-휴식"
53359835,202211,M,40대,경기도,300이상500만원 미만,"스포츠 관람하기, 운동-스포츠 직접하기, 관광-여행, 오락-휴식, 자기계발-자기관리, 사회교류","문화예술 관람하기, 스포츠 관람하기, 운동-스포츠 직접하기, 관광-여행, 오락-휴식, 자기계발-자기관리, 사회교류"
53362705,202211,M,40대,경기도,300이상500만원 미만,"운동-스포츠 직접하기, 오락-휴식, 사회교류","문화예술 관람하기, 문화예술 직접하기, 스포츠 관람하기, 운동-스포츠 직접하기, 관광-여행, 오락-휴식, 자기계발-자기관리, 사회교류"
53349379,202211,M,40대,경기도,300이상500만원 미만,"관광-여행, 오락-휴식","관광-여행, 오락-휴식"
53339969,202211,M,40대,경기도,300이상500만원 미만,"운동-스포츠 직접하기, 오락-휴식","운동-스포츠 직접하기, 오락-휴식"
53329705,202211,M,40대,경기도,300이상500만원 미만,"운동-스포츠 직접하기, 오락-휴식, 자기계발-자기관리, 사회교류","운동-스포츠 직접하기, 오락-휴식, 자기계발-자기관리, 사회교류"
53365093,202211,F,40대,경기도,300이상500만원 미만,"운동-스포츠 직접하기, 사회교류","운동-스포츠 직접하기, 사회교류"
53353149,202211,M,40대,경기도,300이상500만원 미만,"관광-여행, 오락-휴식","관광-여행, 오락-휴식, 사회교류"
53337724,202211,M,40대,경기도,300이상500만원 미만,"문화예술 직접하기, 자기계발-자기관리, 사회교류","문화예술 직접하기, 자기계발-자기관리, 사회교류"
53355927,202211,F,40대,경기도,300이상500만원 미만,문화예술 관람하기,"문화예술 관람하기, 사회교류"
53366612,202211,F,40대,경기도,300이상500만원 미만,"운동-스포츠 직접하기, 관광-여행, 오락-휴식","운동-스포츠 직접하기, 관광-여행, 오락-휴식"
53358758,202211,F,40대,경기도,300이상500만원 미만,"문화예술 관람하기, 운동-스포츠 직접하기, 관광-여행, 오락-휴식, 자기계발-자기관리, 사회교류","문화예술 관람하기, 운동-스포츠 직접하기, 관광-여행, 오락-휴식, 자기계발-자기관리, 사회교류"
53325713,202211,F,40대,경기도,300이상500만원 미만,"문화예술 관람하기, 스포츠 관람하기, 관광-여행, 오락-휴식, 자기계발-자기관리, 사회교류","문화예술 관람하기, 스포츠 관람하기, 관광-여행, 오락-휴식, 자기계발-자기관리, 사회교류"
53347411,202211,M,40대,경기도,300이상500만원 미만,오락-휴식,"운동-스포츠 직접하기, 오락-휴식"
53349301,202211,M,40대,경기도,300이상500만원 미만,"문화예술 관람하기, 문화예술 직접하기, 운동-스포츠 직접하기, 관광-여행, 오락-휴식, 사회교류","문화예술 관람하기, 문화예술 직접하기, 운동-스포츠 직접하기, 관광-여행, 오락-휴식, 자기계발-자기관리, 사회교류"
53356646,202211,M,40대,경기도,300이상500만원 미만,스포츠 관람하기,"스포츠 관람하기, 관광-여행"
53353925,202211,F,40대,경기도,300이상500만원 미만,"관광-여행, 오락-휴식, 자기계발-자기관리, 사회교류","문화예술 관람하기, 관광-여행, 오락-휴식, 자기계발-자기관리, 사회교류"
53360942,202211,F,40대,경기도,300이상500만원 미만,"문화예술 관람하기, 오락-휴식, 자기계발-자기관리","문화예술 관람하기, 오락-휴식, 자기계발-자기관리"
53364905,202211,F,40대,경기도,300이상500만원 미만,"문화예술 관람하기, 스포츠 관람하기, 관광-여행, 오락-휴식, 자기계발-자기관리, 사회교류","문화예술 관람하기, 스포츠 관람하기, 관광-여행, 오락-휴식, 자기계발-자기관리, 사회교류"
53360069,202211,F,40대,경기도,300이상500만원 미만,"관광-여행, 오락-휴식, 자기계발-자기관리","관광-여행, 오락-휴식, 자기계발-자기관리"
53362061,202211,F,40대,경기도,300이상500만원 미만,"문화예술 관람하기, 운동-스포츠 직접하기, 관광-여행, 오락-휴식, 사회교류","문화예술 관람하기, 운동-스포츠 직접하기, 관광-여행, 오락-휴식, 사회교류"
53338587,202211,F,40대,경기도,300이상500만원 미만,"문화예술 관람하기, 관광-여행, 오락-휴식, 사회교류","문화예술 관람하기, 관광-여행, 오락-휴식, 사회교류"
53347672,202211,F,40대,경기도,300이상500만원 미만,"문화예술 관람하기, 관광-여행, 오락-휴식","문화예술 관람하기, 관광-여행, 오락-휴식"
53336161,202211,F,40대,경기도,300이상500만원 미만,"운동-스포츠 직접하기, 관광-여행, 오락-휴식, 자기계발-자기관리, 사회교류","문화예술 직접하기, 운동-스포츠 직접하기, 관광-여행, 오락-휴식, 자기계발-자기관리, 사회교류"
53330537,202211,F,40대,경기도,300이상500만원 미만,"문화예술 관람하기, 관광-여행, 오락-휴식, 자기계발-자기관리, 사회교류","문화예술 관람하기, 문화예술 직접하기, 관광-여행, 오락-휴식, 자기계발-자기관리, 사회교류"
53330933,202211,F,40대,경기도,300이상500만원 미만,"문화예술 관람하기, 문화예술 직접하기, 운동-스포츠 직접하기, 오락-휴식, 자기계발-자기관리, 사회교류","문화예술 관람하기, 문화예술 직접하기, 운동-스포츠 직접하기, 오락-휴식, 자기계발-자기관리, 사회교류"
53328304,202211,F,40대,경기도,300이상500만원 미만,"운동-스포츠 직접하기, 사회교류","운동-스포츠 직접하기, 사회교류"
53364542,202211,F,50대,경기도,300이상500만원 미만,오락-휴식,오락-휴식
53326290,202211,F,50대,경기도,300이상500만원 미만,"운동-스포츠 직접하기, 관광-여행, 사회교류","운동-스포츠 직접하기, 관광-여행, 사회교류"
53346609,202211,F,50대,경기도,300이상500만원 미만,"문화예술 관람하기, 스포츠 관람하기, 운동-스포츠 직접하기, 관광-여행, 오락-휴식, 자기계발-자기관리, 사회교류","문화예술 관람하기, 문화예술 직접하기, 스포츠 관람하기, 운동-스포츠 직접하기, 관광-여행, 오락-휴식, 자기계발-자기관리, 사회교류"
53350495,202211,F,50대,경기도,300이상500만원 미만,"운동-스포츠 직접하기, 관광-여행, 사회교류","문화예술 직접하기, 운동-스포츠 직접하기, 관광-여행, 사회교류"
53334030,202211,F,50대,경기도,300이상500만원 미만,문화예술 관람하기,"문화예술 관람하기, 자기계발-자기관리"
53376458,202211,F,50대,경기도,300이상500만원 미만,"문화예술 관람하기, 관광-여행, 오락-휴식","문화예술 관람하기, 관광-여행, 오락-휴식"
53351350,202211,F,50대,경기도,300이상500만원 미만,"문화예술 관람하기, 운동-스포츠 직접하기, 오락-휴식","문화예술 관람하기, 운동-스포츠 직접하기, 오락-휴식"
53343809,202211,F,50대,경기도,300이상500만원 미만,"스포츠 관람하기, 운동-스포츠 직접하기, 관광-여행, 자기계발-자기관리, 사회교류","문화예술 관람하기, 스포츠 관람하기, 운동-스포츠 직접하기, 관광-여행, 자기계발-자기관리, 사회교류"
53346368,202211,F,50대,경기도,300이상500만원 미만,"문화예술 관람하기, 운동-스포츠 직접하기, 관광-여행, 오락-휴식, 사회교류","문화예술 관람하기, 운동-스포츠 직접하기, 관광-여행, 오락-휴식, 사회교류"
53332564,202211,F,50대,경기도,300이상500만원 미만,"운동-스포츠 직접하기, 오락-휴식, 자기계발-자기관리","운동-스포츠 직접하기, 관광-여행, 오락-휴식, 자기계발-자기관리"
53325884,202211,F,50대,경기도,300이상500만원 미만,"문화예술 관람하기, 문화예술 직접하기, 관광-여행, 오락-휴식, 자기계발-자기관리, 사회교류","문화예술 관람하기, 문화예술 직접하기, 관광-여행, 오락-휴식, 자기계발-자기관리, 사회교류"
53341494,202211,F,50대,경기도,300이상500만원 미만,"문화예술 관람하기, 운동-스포츠 직접하기, 관광-여행, 오락-휴식, 사회교류","문화예술 관람하기, 운동-스포츠 직접하기, 관광-여행, 오락-휴식, 사회교류"
53362413,202211,F,50대,경기도,300이상500만원 미만,"문화예술 관람하기, 관광-여행, 자기계발-자기관리","문화예술 관람하기, 관광-여행, 자기계발-자기관리"
53340659,202211,F,50대,경기도,300이상500만원 미만,"스포츠 관람하기, 운동-스포츠 직접하기, 관광-여행, 오락-휴식, 자기계발-자기관리","스포츠 관람하기, 운동-스포츠 직접하기, 관광-여행, 오락-휴식, 자기계발-자기관리"
53363342,202211,F,50대,경기도,300이상500만원 미만,"운동-스포츠 직접하기, 관광-여행, 오락-휴식","운동-스포츠 직접하기, 관광-여행, 오락-휴식"
53357866,202211,F,50대,경기도,300이상500만원 미만,"문화예술 관람하기, 오락-휴식, 사회교류","문화예술 관람하기, 오락-휴식, 사회교류"
53366452,202211,F,50대,경기도,300이상500만원 미만,"문화예술 관람하기, 스포츠 관람하기, 운동-스포츠 직접하기, 관광-여행, 오락-휴식, 자기계발-자기관리, 사회교류","문화예술 관람하기, 스포츠 관람하기, 운동-스포츠 직접하기, 관광-여행, 오락-휴식, 자기계발-자기관리, 사회교류"
53355816,202211,F,50대,경기도,300이상500만원 미만,"스포츠 관람하기, 관광-여행","스포츠 관람하기, 관광-여행"
53370885,202211,M,50대,경기도,300이상500만원 미만,"스포츠 관람하기, 오락-휴식, 자기계발-자기관리","스포츠 관람하기, 오락-휴식, 자기계발-자기관리"
53348954,202211,M,50대,경기도,300이상500만원 미만,"스포츠 관람하기, 관광-여행, 오락-휴식","스포츠 관람하기, 관광-여행, 오락-휴식"
53334489,202211,M,50대,경기도,300이상500만원 미만,"스포츠 관람하기, 운동-스포츠 직접하기, 관광-여행, 오락-휴식","스포츠 관람하기, 운동-스포츠 직접하기, 관광-여행, 오락-휴식"
53369267,202211,M,50대,경기도,300이상500만원 미만,"문화예술 관람하기, 운동-스포츠 직접하기, 관광-여행, 오락-휴식","문화예술 관람하기, 운동-스포츠 직접하기, 관광-여행, 오락-휴식"
53337250,202211,M,50대,경기도,300이상500만원 미만,"문화예술 관람하기, 스포츠 관람하기, 오락-휴식, 자기계발-자기관리, 사회교류","문화예술 관람하기, 스포츠 관람하기, 오락-휴식, 자기계발-자기관리, 사회교류"
53358582,202211,M,50대,경기도,300이상500만원 미만,"문화예술 관람하기, 운동-스포츠 직접하기, 관광-여행, 오락-휴식, 사회교류","문화예술 관람하기, 운동-스포츠 직접하기, 관광-여행, 오락-휴식, 사회교류"
53350911,202211,M,50대,경기도,300이상500만원 미만,"문화예술 관람하기, 문화예술 직접하기, 스포츠 관람하기, 운동-스포츠 직접하기, 관광-여행, 오락-휴식","문화예술 관람하기, 문화예술 직접하기, 스포츠 관람하기, 운동-스포츠 직접하기, 관광-여행, 오락-휴식"
53346599,202211,M,50대,경기도,300이상500만원 미만,"운동-스포츠 직접하기, 오락-휴식, 사회교류","문화예술 관람하기, 운동-스포츠 직접하기, 관광-여행, 오락-휴식, 사회교류"
53367608,202211,M,50대,경기도,300이상500만원 미만,"운동-스포츠 직접하기, 사회교류","운동-스포츠 직접하기, 관광-여행, 사회교류"
53337924,202211,M,50대,경기도,300이상500만원 미만,"스포츠 관람하기, 관광-여행","스포츠 관람하기, 관광-여행"
53353721,202211,M,50대,경기도,300이상500만원 미만,"운동-스포츠 직접하기, 오락-휴식","운동-스포츠 직접하기, 오락-휴식"
53354190,202211,M,50대,경기도,300이상500만원 미만,"스포츠 관람하기, 운동-스포츠 직접하기, 사회교류","스포츠 관람하기, 운동-스포츠 직접하기, 사회교류"
53347850,202211,M,50대,경기도,300이상500만원 미만,"스포츠 관람하기, 운동-스포츠 직접하기, 관광-여행, 오락-휴식, 사회교류","문화예술 관람하기, 스포츠 관람하기, 운동-스포츠 직접하기, 관광-여행, 오락-휴식, 사회교류"
53347986,202211,M,50대,경기도,300이상500만원 미만,"운동-스포츠 직접하기, 관광-여행, 자기계발-자기관리","운동-스포츠 직접하기, 관광-여행, 자기계발-자기관리"
53350067,202211,M,50대,경기도,300이상500만원 미만,"운동-스포츠 직접하기, 관광-여행","스포츠 관람하기, 운동-스포츠 직접하기, 관광-여행"
53334850,202211,M,50대,경기도,300이상500만원 미만,관광-여행,관광-여행
53368213,202211,M,60대,경기도,300이상500만원 미만,"스포츠 관람하기, 운동-스포츠 직접하기, 관광-여행, 자기계발-자기관리, 사회교류","스포츠 관람하기, 운동-스포츠 직접하기, 관광-여행, 자기계발-자기관리, 사회교류"
53350295,202211,M,60대,경기도,300이상500만원 미만,"문화예술 관람하기, 문화예술 직접하기, 스포츠 관람하기, 운동-스포츠 직접하기, 관광-여행, 오락-휴식, 자기계발-자기관리, 사회교류","문화예술 관람하기, 문화예술 직접하기, 스포츠 관람하기, 운동-스포츠 직접하기, 관광-여행, 오락-휴식, 자기계발-자기관리, 사회교류"
53336121,202211,M,60대,경기도,300이상500만원 미만,"운동-스포츠 직접하기, 관광-여행, 사회교류","운동-스포츠 직접하기, 관광-여행, 사회교류"
53342820,202211,M,60대,경기도,300이상500만원 미만,"운동-스포츠 직접하기, 관광-여행, 사회교류","운동-스포츠 직접하기, 관광-여행, 사회교류"
53350084,202211,F,50대,경기도,300이상500만원 미만,"관광-여행, 자기계발-자기관리, 사회교류","관광-여행, 자기계발-자기관리, 사회교류"
53365137,202211,F,50대,경기도,300이상500만원 미만,"문화예술 직접하기, 스포츠 관람하기, 관광-여행, 사회교류","문화예술 직접하기, 스포츠 관람하기, 관광-여행, 사회교류"
53364528,202211,M,60대,경기도,300이상500만원 미만,"스포츠 관람하기, 운동-스포츠 직접하기, 오락-휴식, 사회교류","문화예술 관람하기, 스포츠 관람하기, 운동-스포츠 직접하기, 관광-여행, 오락-휴식, 사회교류"
53362178,202211,M,60대,경기도,300이상500만원 미만,"문화예술 직접하기, 운동-스포츠 직접하기, 오락-휴식, 자기계발-자기관리, 사회교류","문화예술 직접하기, 운동-스포츠 직접하기, 관광-여행, 오락-휴식, 자기계발-자기관리, 사회교류"
53344862,202211,M,60대,경기도,300이상500만원 미만,"문화예술 관람하기, 스포츠 관람하기, 관광-여행, 오락-휴식, 자기계발-자기관리, 사회교류","문화예술 관람하기, 스포츠 관람하기, 관광-여행, 오락-휴식, 자기계발-자기관리, 사회교류"
53337203,202211,M,60대,경기도,300이상500만원 미만,"문화예술 관람하기, 관광-여행, 오락-휴식, 사회교류","문화예술 관람하기, 관광-여행, 오락-휴식, 사회교류"
53368917,202211,M,60대,경기도,300이상500만원 미만,"스포츠 관람하기, 오락-휴식","문화예술 관람하기, 스포츠 관람하기, 관광-여행, 오락-휴식"
53369519,202211,M,60대,경기도,300이상500만원 미만,"자기계발-자기관리, 사회교류","문화예술 관람하기, 문화예술 직접하기, 자기계발-자기관리, 사회교류"
53352886,202211,M,50대,경기도,300이상500만원 미만,"운동-스포츠 직접하기, 오락-휴식","문화예술 관람하기, 스포츠 관람하기, 운동-스포츠 직접하기, 관광-여행, 오락-휴식"
53368419,202211,M,50대,경기도,300이상500만원 미만,"운동-스포츠 직접하기, 관광-여행","운동-스포츠 직접하기, 관광-여행"
53363269,202211,M,50대,경기도,300이상500만원 미만,"관광-여행, 자기계발-자기관리","관광-여행, 자기계발-자기관리"
53327137,202211,F,60대,경기도,300이상500만원 미만,"문화예술 관람하기, 스포츠 관람하기, 운동-스포츠 직접하기, 오락-휴식, 사회교류","문화예술 관람하기, 스포츠 관람하기, 운동-스포츠 직접하기, 관광-여행, 오락-휴식, 사회교류"
53356212,202211,M,60대,경기도,300이상500만원 미만,"스포츠 관람하기, 운동-스포츠 직접하기, 관광-여행, 오락-휴식","문화예술 관람하기, 스포츠 관람하기, 운동-스포츠 직접하기, 관광-여행, 오락-휴식"
53348776,202211,M,60대,경기도,300이상500만원 미만,"문화예술 관람하기, 스포츠 관람하기, 운동-스포츠 직접하기, 관광-여행, 오락-휴식, 자기계발-자기관리, 사회교류","문화예술 관람하기, 스포츠 관람하기, 운동-스포츠 직접하기, 관광-여행, 오락-휴식, 자기계발-자기관리, 사회교류"
53339552,202211,M,60대,경기도,300이상500만원 미만,"운동-스포츠 직접하기, 오락-휴식","운동-스포츠 직접하기, 오락-휴식"
53329583,202211,M,50대,경기도,300이상500만원 미만,"운동-스포츠 직접하기, 관광-여행, 오락-휴식","운동-스포츠 직접하기, 관광-여행, 오락-휴식"
53347937,202211,F,60대,경기도,300이상500만원 미만,"운동-스포츠 직접하기, 관광-여행, 오락-휴식","운동-스포츠 직접하기, 관광-여행, 오락-휴식"
53356335,202211,F,60대,경기도,300이상500만원 미만,"문화예술 직접하기, 운동-스포츠 직접하기, 관광-여행, 사회교류","문화예술 관람하기, 문화예술 직접하기, 운동-스포츠 직접하기, 관광-여행, 사회교류"
53355511,202211,M,60대,경기도,300이상500만원 미만,"운동-스포츠 직접하기, 관광-여행, 오락-휴식, 사회교류","문화예술 직접하기, 운동-스포츠 직접하기, 관광-여행, 오락-휴식, 사회교류"
53354432,202211,M,60대,경기도,300이상500만원 미만,"문화예술 관람하기, 스포츠 관람하기, 운동-스포츠 직접하기, 관광-여행, 오락-휴식, 자기계발-자기관리, 사회교류","문화예술 관람하기, 스포츠 관람하기, 운동-스포츠 직접하기, 관광-여행, 오락-휴식, 자기계발-자기관리, 사회교류"
53353543,202211,M,60대,경기도,300이상500만원 미만,"운동-스포츠 직접하기, 관광-여행, 오락-휴식, 사회교류","문화예술 관람하기, 운동-스포츠 직접하기, 관광-여행, 오락-휴식, 사회교류"
53369244,202211,M,60대,경기도,300이상500만원 미만,"스포츠 관람하기, 관광-여행, 오락-휴식, 사회교류","문화예술 관람하기, 스포츠 관람하기, 관광-여행, 오락-휴식, 사회교류"
53370609,202211,F,60대,경기도,300이상500만원 미만,"문화예술 관람하기, 문화예술 직접하기, 관광-여행, 사회교류","문화예술 관람하기, 문화예술 직접하기, 관광-여행, 사회교류"
53376630,202211,F,60대,경기도,300이상500만원 미만,"문화예술 관람하기, 오락-휴식","문화예술 관람하기, 관광-여행, 오락-휴식"
53343291,202211,M,60대,경기도,300이상500만원 미만,"문화예술 직접하기, 스포츠 관람하기, 운동-스포츠 직접하기, 관광-여행, 오락-휴식, 자기계발-자기관리, 사회교류","문화예술 직접하기, 스포츠 관람하기, 운동-스포츠 직접하기, 관광-여행, 오락-휴식, 자기계발-자기관리, 사회교류"
53331278,202211,M,60대,경기도,300이상500만원 미만,"스포츠 관람하기, 관광-여행, 오락-휴식","스포츠 관람하기, 관광-여행, 오락-휴식"
53350477,202211,M,60대,경기도,300이상500만원 미만,"운동-스포츠 직접하기, 오락-휴식, 사회교류","운동-스포츠 직접하기, 관광-여행, 오락-휴식, 사회교류"
53361397,202211,F,60대,경기도,300이상500만원 미만,"문화예술 관람하기, 스포츠 관람하기, 운동-스포츠 직접하기, 관광-여행, 사회교류","문화예술 관람하기, 스포츠 관람하기, 운동-스포츠 직접하기, 관광-여행, 사회교류"
53340606,202211,M,60대,경기도,300이상500만원 미만,"문화예술 관람하기, 스포츠 관람하기, 운동-스포츠 직접하기, 자기계발-자기관리, 사회교류","문화예술 관람하기, 스포츠 관람하기, 운동-스포츠 직접하기, 자기계발-자기관리, 사회교류"
53349990,202211,F,60대,경기도,300이상500만원 미만,"운동-스포츠 직접하기, 관광-여행, 사회교류","문화예술 직접하기, 운동-스포츠 직접하기, 관광-여행, 사회교류"
53367465,202211,F,60대,경기도,300이상500만원 미만,"문화예술 관람하기, 운동-스포츠 직접하기, 관광-여행","문화예술 관람하기, 운동-스포츠 직접하기, 관광-여행"
53331896,202211,F,60대,경기도,300이상500만원 미만,"문화예술 관람하기, 관광-여행, 오락-휴식, 사회교류","문화예술 관람하기, 문화예술 직접하기, 관광-여행, 오락-휴식, 사회교류"
53370720,202211,F,60대,경기도,300이상500만원 미만,"운동-스포츠 직접하기, 관광-여행, 오락-휴식, 자기계발-자기관리, 사회교류","운동-스포츠 직접하기, 관광-여행, 오락-휴식, 자기계발-자기관리, 사회교류"
53359290,202211,F,60대,경기도,300이상500만원 미만,"관광-여행, 오락-휴식, 자기계발-자기관리, 사회교류","문화예술 관람하기, 관광-여행, 오락-휴식, 자기계발-자기관리, 사회교류"
53364067,202211,F,60대,경기도,300이상500만원 미만,"문화예술 관람하기, 관광-여행, 오락-휴식, 자기계발-자기관리, 사회교류","문화예술 관람하기, 관광-여행, 오락-휴식, 자기계발-자기관리, 사회교류"
53363651,202211,F,60대,경기도,300이상500만원 미만,운동-스포츠 직접하기,"문화예술 관람하기, 운동-스포츠 직접하기, 관광-여행"
53356023,202211,F,60대,경기도,300이상500만원 미만,"문화예술 직접하기, 오락-휴식, 사회교류","문화예술 직접하기, 오락-휴식, 사회교류"
53325524,202211,M,60대,충청북도,300이상500만원 미만,"문화예술 관람하기, 스포츠 관람하기, 관광-여행, 오락-휴식, 사회교류","문화예술 관람하기, 스포츠 관람하기, 관광-여행, 오락-휴식, 사회교류"
53349363,202211,F,60대,충청북도,300이상500만원 미만,운동-스포츠 직접하기,"운동-스포츠 직접하기, 자기계발-자기관리"
53366767,202211,M,60대,충청북도,300이상500만원 미만,"문화예술 관람하기, 문화예술 직접하기, 관광-여행, 오락-휴식","문화예술 관람하기, 문화예술 직접하기, 관광-여행, 오락-휴식"
53345844,202211,M,60대,충청북도,300이상500만원 미만,"관광-여행, 오락-휴식","관광-여행, 오락-휴식"
53360646,202211,M,60대,충청북도,300이상500만원 미만,"스포츠 관람하기, 운동-스포츠 직접하기, 오락-휴식, 사회교류","스포츠 관람하기, 운동-스포츠 직접하기, 관광-여행, 오락-휴식, 사회교류"
53375400,202211,M,50대,충청북도,300이상500만원 미만,문화예술 관람하기,"문화예술 관람하기, 오락-휴식"
53360323,202211,M,50대,충청북도,300이상500만원 미만,"문화예술 관람하기, 스포츠 관람하기, 운동-스포츠 직접하기, 관광-여행, 오락-휴식, 사회교류","문화예술 관람하기, 스포츠 관람하기, 운동-스포츠 직접하기, 관광-여행, 오락-휴식, 사회교류"
53360586,202211,M,50대,충청북도,300이상500만원 미만,"운동-스포츠 직접하기, 사회교류","운동-스포츠 직접하기, 오락-휴식, 사회교류"
53328080,202211,F,50대,충청북도,300이상500만원 미만,"문화예술 관람하기, 문화예술 직접하기, 스포츠 관람하기, 운동-스포츠 직접하기, 관광-여행, 오락-휴식, 자기계발-자기관리, 사회교류","문화예술 관람하기, 문화예술 직접하기, 스포츠 관람하기, 운동-스포츠 직접하기, 관광-여행, 오락-휴식, 자기계발-자기관리, 사회교류"
53344932,202211,F,50대,충청북도,300이상500만원 미만,"문화예술 관람하기, 스포츠 관람하기, 운동-스포츠 직접하기, 관광-여행, 오락-휴식, 사회교류","문화예술 관람하기, 스포츠 관람하기, 운동-스포츠 직접하기, 관광-여행, 오락-휴식, 사회교류"
53350006,202211,M,50대,충청북도,300이상500만원 미만,"운동-스포츠 직접하기, 관광-여행, 오락-휴식, 사회교류","문화예술 관람하기, 운동-스포츠 직접하기, 관광-여행, 오락-휴식, 사회교류"
53338267,202211,F,50대,충청북도,300이상500만원 미만,"운동-스포츠 직접하기, 자기계발-자기관리","운동-스포츠 직접하기, 자기계발-자기관리"
53377099,202211,F,50대,충청북도,300이상500만원 미만,"문화예술 관람하기, 운동-스포츠 직접하기, 관광-여행, 오락-휴식","문화예술 관람하기, 운동-스포츠 직접하기, 관광-여행, 오락-휴식, 자기계발-자기관리"
53362368,202211,F,50대,충청북도,300이상500만원 미만,관광-여행,"문화예술 관람하기, 관광-여행, 오락-휴식"
53333904,202211,F,30대,충청북도,300이상500만원 미만,"문화예술 관람하기, 스포츠 관람하기, 운동-스포츠 직접하기, 관광-여행, 오락-휴식, 자기계발-자기관리, 사회교류","문화예술 관람하기, 스포츠 관람하기, 운동-스포츠 직접하기, 관광-여행, 오락-휴식, 자기계발-자기관리, 사회교류"
53328354,202211,F,40대,충청북도,300이상500만원 미만,"운동-스포츠 직접하기, 관광-여행, 오락-휴식, 사회교류","운동-스포츠 직접하기, 관광-여행, 오락-휴식, 사회교류"
53344129,202211,F,40대,충청북도,300이상500만원 미만,"문화예술 관람하기, 관광-여행","문화예술 관람하기, 관광-여행"
53365917,202211,M,40대,충청북도,300이상500만원 미만,"문화예술 관람하기, 관광-여행, 자기계발-자기관리","문화예술 관람하기, 관광-여행, 자기계발-자기관리"
53325582,202211,M,40대,충청북도,300이상500만원 미만,운동-스포츠 직접하기,"운동-스포츠 직접하기, 자기계발-자기관리"
53341303,202211,M,30대,충청북도,300이상500만원 미만,"문화예술 관람하기, 운동-스포츠 직접하기, 관광-여행, 오락-휴식","문화예술 관람하기, 운동-스포츠 직접하기, 관광-여행, 오락-휴식"
53371115,202211,M,40대,충청북도,300이상500만원 미만,"운동-스포츠 직접하기, 관광-여행, 오락-휴식, 사회교류","운동-스포츠 직접하기, 관광-여행, 오락-휴식, 사회교류"
53374046,202211,M,40대,충청북도,300이상500만원 미만,"스포츠 관람하기, 오락-휴식","스포츠 관람하기, 오락-휴식"
53344102,202211,F,30대,충청북도,300이상500만원 미만,"운동-스포츠 직접하기, 관광-여행, 오락-휴식","문화예술 관람하기, 운동-스포츠 직접하기, 관광-여행, 오락-휴식"
53329925,202211,F,30대,충청북도,300이상500만원 미만,"관광-여행, 오락-휴식","문화예술 관람하기, 관광-여행, 오락-휴식"
53357821,202211,M,20대,충청북도,300이상500만원 미만,"문화예술 관람하기, 스포츠 관람하기, 운동-스포츠 직접하기, 관광-여행, 오락-휴식, 자기계발-자기관리","문화예술 관람하기, 문화예술 직접하기, 스포츠 관람하기, 운동-스포츠 직접하기, 관광-여행, 오락-휴식, 자기계발-자기관리"
53355870,202211,F,30대,충청북도,300이상500만원 미만,"문화예술 관람하기, 문화예술 직접하기, 운동-스포츠 직접하기, 관광-여행, 오락-휴식, 자기계발-자기관리, 사회교류","문화예술 관람하기, 문화예술 직접하기, 운동-스포츠 직접하기, 관광-여행, 오락-휴식, 자기계발-자기관리, 사회교류"
53368371,202211,F,30대,충청북도,300이상500만원 미만,"문화예술 관람하기, 관광-여행, 오락-휴식, 자기계발-자기관리","문화예술 관람하기, 문화예술 직접하기, 관광-여행, 오락-휴식, 자기계발-자기관리"
53362168,202211,M,30대,충청북도,300이상500만원 미만,"문화예술 관람하기, 스포츠 관람하기, 운동-스포츠 직접하기, 관광-여행, 오락-휴식, 자기계발-자기관리, 사회교류","문화예술 관람하기, 스포츠 관람하기, 운동-스포츠 직접하기, 관광-여행, 오락-휴식, 자기계발-자기관리, 사회교류"
53335716,202211,M,20대,충청북도,300이상500만원 미만,오락-휴식,"오락-휴식, 자기계발-자기관리"
53356034,202211,M,20대,충청북도,300이상500만원 미만,"문화예술 관람하기, 운동-스포츠 직접하기, 오락-휴식, 자기계발-자기관리, 사회교류","문화예술 관람하기, 문화예술 직접하기, 스포츠 관람하기, 운동-스포츠 직접하기, 오락-휴식, 자기계발-자기관리, 사회교류"
53375045,202211,M,20대,충청북도,300이상500만원 미만,"운동-스포츠 직접하기, 자기계발-자기관리","운동-스포츠 직접하기, 자기계발-자기관리"
53358764,202211,M,20대,충청북도,300이상500만원 미만,"관광-여행, 오락-휴식, 자기계발-자기관리","관광-여행, 오락-휴식, 자기계발-자기관리"
53360708,202211,M,20대,충청북도,300이상500만원 미만,"문화예술 관람하기, 운동-스포츠 직접하기, 관광-여행, 오락-휴식","문화예술 관람하기, 운동-스포츠 직접하기, 관광-여행, 오락-휴식"
53360800,202211,M,20대,충청북도,300이상500만원 미만,"운동-스포츠 직접하기, 관광-여행, 오락-휴식, 자기계발-자기관리, 사회교류","문화예술 관람하기, 운동-스포츠 직접하기, 관광-여행, 오락-휴식, 자기계발-자기관리, 사회교류"
53347805,202211,M,20대,충청남도,300이상500만원 미만,"문화예술 관람하기, 관광-여행, 오락-휴식, 자기계발-자기관리, 사회교류","문화예술 관람하기, 관광-여행, 오락-휴식, 자기계발-자기관리, 사회교류"
53354698,202211,F,20대,충청남도,300이상500만원 미만,"운동-스포츠 직접하기, 관광-여행, 오락-휴식, 자기계발-자기관리","문화예술 관람하기, 문화예술 직접하기, 스포츠 관람하기, 운동-스포츠 직접하기, 관광-여행, 오락-휴식, 자기계발-자기관리"
53340625,202211,F,20대,충청남도,300이상500만원 미만,"문화예술 관람하기, 운동-스포츠 직접하기, 관광-여행, 오락-휴식, 자기계발-자기관리, 사회교류","문화예술 관람하기, 문화예술 직접하기, 운동-스포츠 직접하기, 관광-여행, 오락-휴식, 자기계발-자기관리, 사회교류"
53336351,202211,F,30대,충청남도,300이상500만원 미만,"문화예술 직접하기, 관광-여행, 오락-휴식, 자기계발-자기관리, 사회교류","문화예술 직접하기, 관광-여행, 오락-휴식, 자기계발-자기관리, 사회교류"
53357249,202211,M,30대,충청남도,300이상500만원 미만,"문화예술 관람하기, 스포츠 관람하기, 관광-여행, 오락-휴식","문화예술 관람하기, 스포츠 관람하기, 관광-여행, 오락-휴식, 자기계발-자기관리"
53334902,202211,M,30대,충청남도,300이상500만원 미만,"문화예술 관람하기, 문화예술 직접하기, 스포츠 관람하기, 운동-스포츠 직접하기, 관광-여행, 오락-휴식, 자기계발-자기관리, 사회교류","문화예술 관람하기, 문화예술 직접하기, 스포츠 관람하기, 운동-스포츠 직접하기, 관광-여행, 오락-휴식, 자기계발-자기관리, 사회교류"
53361212,202211,F,30대,충청남도,300이상500만원 미만,"오락-휴식, 자기계발-자기관리","오락-휴식, 자기계발-자기관리"
53347577,202211,M,30대,충청남도,300이상500만원 미만,"문화예술 관람하기, 스포츠 관람하기, 운동-스포츠 직접하기, 관광-여행, 오락-휴식, 사회교류","문화예술 관람하기, 스포츠 관람하기, 운동-스포츠 직접하기, 관광-여행, 오락-휴식, 사회교류"
53361422,202211,M,30대,충청남도,300이상500만원 미만,"관광-여행, 오락-휴식, 사회교류","관광-여행, 오락-휴식, 사회교류"
53368483,202211,F,40대,충청남도,300이상500만원 미만,"스포츠 관람하기, 운동-스포츠 직접하기, 관광-여행, 오락-휴식, 자기계발-자기관리, 사회교류","스포츠 관람하기, 운동-스포츠 직접하기, 관광-여행, 오락-휴식, 자기계발-자기관리, 사회교류"
53348193,202211,F,30대,충청남도,300이상500만원 미만,"스포츠 관람하기, 운동-스포츠 직접하기, 관광-여행, 오락-휴식, 자기계발-자기관리, 사회교류","스포츠 관람하기, 운동-스포츠 직접하기, 관광-여행, 오락-휴식, 자기계발-자기관리, 사회교류"
53343167,202211,M,30대,충청남도,300이상500만원 미만,"스포츠 관람하기, 관광-여행, 오락-휴식","스포츠 관람하기, 운동-스포츠 직접하기, 관광-여행, 오락-휴식"
53336768,202211,M,40대,충청남도,300이상500만원 미만,"관광-여행, 오락-휴식, 사회교류","관광-여행, 오락-휴식, 사회교류"
53362153,202211,F,40대,충청남도,300이상500만원 미만,"관광-여행, 오락-휴식, 자기계발-자기관리","스포츠 관람하기, 관광-여행, 오락-휴식, 자기계발-자기관리"
53326557,202211,F,50대,충청남도,300이상500만원 미만,오락-휴식,"문화예술 직접하기, 오락-휴식"
53345211,202211,F,40대,충청남도,300이상500만원 미만,"관광-여행, 오락-휴식, 자기계발-자기관리, 사회교류","관광-여행, 오락-휴식, 자기계발-자기관리, 사회교류"
53339186,202211,M,50대,충청남도,300이상500만원 미만,자기계발-자기관리,"스포츠 관람하기, 운동-스포츠 직접하기, 자기계발-자기관리"
53342777,202211,F,50대,충청남도,300이상500만원 미만,"문화예술 관람하기, 관광-여행, 오락-휴식, 자기계발-자기관리","문화예술 관람하기, 관광-여행, 오락-휴식, 자기계발-자기관리"
53334730,202211,F,50대,충청남도,300이상500만원 미만,"문화예술 관람하기, 문화예술 직접하기, 스포츠 관람하기, 운동-스포츠 직접하기, 관광-여행, 오락-휴식, 자기계발-자기관리","문화예술 관람하기, 문화예술 직접하기, 스포츠 관람하기, 운동-스포츠 직접하기, 관광-여행, 오락-휴식, 자기계발-자기관리"
53348310,202211,M,50대,충청남도,300이상500만원 미만,"문화예술 관람하기, 스포츠 관람하기, 운동-스포츠 직접하기, 관광-여행, 오락-휴식, 자기계발-자기관리, 사회교류","문화예술 관람하기, 스포츠 관람하기, 운동-스포츠 직접하기, 관광-여행, 오락-휴식, 자기계발-자기관리, 사회교류"
53334043,202211,M,50대,충청남도,300이상500만원 미만,"운동-스포츠 직접하기, 관광-여행","운동-스포츠 직접하기, 관광-여행"
53352385,202211,M,50대,충청남도,300이상500만원 미만,"운동-스포츠 직접하기, 자기계발-자기관리","운동-스포츠 직접하기, 자기계발-자기관리"
53363264,202211,M,50대,충청남도,300이상500만원 미만,"문화예술 관람하기, 관광-여행, 자기계발-자기관리","문화예술 관람하기, 관광-여행, 자기계발-자기관리"
53371175,202211,M,60대,충청남도,300이상500만원 미만,"스포츠 관람하기, 관광-여행, 오락-휴식, 자기계발-자기관리, 사회교류","문화예술 관람하기, 스포츠 관람하기, 관광-여행, 오락-휴식, 자기계발-자기관리, 사회교류"
53357464,202211,M,60대,충청남도,300이상500만원 미만,"스포츠 관람하기, 관광-여행, 오락-휴식, 자기계발-자기관리, 사회교류","스포츠 관람하기, 관광-여행, 오락-휴식, 자기계발-자기관리, 사회교류"
53367703,202211,F,60대,충청남도,300이상500만원 미만,"문화예술 직접하기, 스포츠 관람하기, 관광-여행, 오락-휴식, 자기계발-자기관리","문화예술 직접하기, 스포츠 관람하기, 관광-여행, 오락-휴식, 자기계발-자기관리"
53368875,202211,F,60대,충청남도,300이상500만원 미만,"문화예술 관람하기, 문화예술 직접하기, 스포츠 관람하기, 운동-스포츠 직접하기, 관광-여행, 오락-휴식, 자기계발-자기관리, 사회교류","문화예술 관람하기, 문화예술 직접하기, 스포츠 관람하기, 운동-스포츠 직접하기, 관광-여행, 오락-휴식, 자기계발-자기관리, 사회교류"
53329068,202211,F,60대,충청남도,300이상500만원 미만,"문화예술 관람하기, 스포츠 관람하기, 운동-스포츠 직접하기, 관광-여행, 오락-휴식, 자기계발-자기관리, 사회교류","문화예술 관람하기, 문화예술 직접하기, 스포츠 관람하기, 운동-스포츠 직접하기, 관광-여행, 오락-휴식, 자기계발-자기관리, 사회교류"
53376289,202211,M,60대,제주특별자치도,300이상500만원 미만,"문화예술 직접하기, 운동-스포츠 직접하기, 사회교류","문화예술 관람하기, 문화예술 직접하기, 운동-스포츠 직접하기, 사회교류"
53368352,202211,F,60대,제주특별자치도,300이상500만원 미만,"문화예술 관람하기, 문화예술 직접하기, 관광-여행, 오락-휴식, 자기계발-자기관리, 사회교류","문화예술 관람하기, 문화예술 직접하기, 관광-여행, 오락-휴식, 자기계발-자기관리, 사회교류"
53353360,202211,F,50대,제주특별자치도,300이상500만원 미만,"문화예술 관람하기, 관광-여행, 자기계발-자기관리, 사회교류","문화예술 관람하기, 관광-여행, 자기계발-자기관리, 사회교류"
53363959,202211,M,50대,제주특별자치도,300이상500만원 미만,"문화예술 관람하기, 스포츠 관람하기, 오락-휴식","문화예술 관람하기, 스포츠 관람하기, 관광-여행, 오락-휴식"
53361127,202211,M,50대,제주특별자치도,300이상500만원 미만,"문화예술 관람하기, 운동-스포츠 직접하기, 관광-여행","문화예술 관람하기, 운동-스포츠 직접하기, 관광-여행"
53331961,202211,F,60대,제주특별자치도,300이상500만원 미만,"문화예술 직접하기, 관광-여행, 자기계발-자기관리","문화예술 직접하기, 스포츠 관람하기, 관광-여행, 자기계발-자기관리"
53366602,202211,F,60대,충청남도,300이상500만원 미만,"스포츠 관람하기, 운동-스포츠 직접하기, 관광-여행, 오락-휴식, 사회교류","문화예술 관람하기, 스포츠 관람하기, 운동-스포츠 직접하기, 관광-여행, 오락-휴식, 사회교류"
53361103,202211,F,60대,충청남도,300이상500만원 미만,"문화예술 관람하기, 운동-스포츠 직접하기, 사회교류","문화예술 관람하기, 운동-스포츠 직접하기, 사회교류"
53371594,202211,F,60대,충청남도,300이상500만원 미만,"문화예술 관람하기, 문화예술 직접하기, 스포츠 관람하기, 운동-스포츠 직접하기, 관광-여행, 오락-휴식, 사회교류","문화예술 관람하기, 문화예술 직접하기, 스포츠 관람하기, 운동-스포츠 직접하기, 관광-여행, 오락-휴식, 사회교류"
53355640,202211,F,50대,제주특별자치도,300이상500만원 미만,"문화예술 관람하기, 스포츠 관람하기, 운동-스포츠 직접하기, 오락-휴식, 자기계발-자기관리, 사회교류","문화예술 관람하기, 스포츠 관람하기, 운동-스포츠 직접하기, 오락-휴식, 자기계발-자기관리, 사회교류"
53376181,202211,F,60대,충청남도,300이상500만원 미만,"운동-스포츠 직접하기, 관광-여행","문화예술 직접하기, 운동-스포츠 직접하기, 관광-여행"
53359589,202211,F,50대,제주특별자치도,300이상500만원 미만,"문화예술 관람하기, 운동-스포츠 직접하기, 오락-휴식, 자기계발-자기관리, 사회교류","문화예술 관람하기, 운동-스포츠 직접하기, 오락-휴식, 자기계발-자기관리, 사회교류"
53363343,202211,M,40대,제주특별자치도,300이상500만원 미만,"문화예술 관람하기, 스포츠 관람하기, 관광-여행, 오락-휴식, 사회교류","문화예술 관람하기, 스포츠 관람하기, 관광-여행, 오락-휴식, 사회교류"
53351111,202211,F,50대,제주특별자치도,300이상500만원 미만,"문화예술 관람하기, 오락-휴식","문화예술 관람하기, 오락-휴식"
53330719,202211,M,40대,제주특별자치도,300이상500만원 미만,"문화예술 관람하기, 스포츠 관람하기, 운동-스포츠 직접하기, 관광-여행, 오락-휴식, 자기계발-자기관리, 사회교류","문화예술 관람하기, 스포츠 관람하기, 운동-스포츠 직접하기, 관광-여행, 오락-휴식, 자기계발-자기관리, 사회교류"
53367747,202211,M,40대,제주특별자치도,300이상500만원 미만,오락-휴식,"스포츠 관람하기, 오락-휴식"
53368743,202211,M,40대,제주특별자치도,300이상500만원 미만,"관광-여행, 사회교류","관광-여행, 사회교류"
53343338,202211,M,30대,제주특별자치도,300이상500만원 미만,관광-여행,관광-여행
53337087,202211,F,20대,제주특별자치도,300이상500만원 미만,"문화예술 관람하기, 오락-휴식","문화예술 관람하기, 오락-휴식"
53375182,202211,M,20대,전라북도,300이상500만원 미만,"문화예술 관람하기, 문화예술 직접하기, 운동-스포츠 직접하기, 관광-여행, 오락-휴식, 자기계발-자기관리, 사회교류","문화예술 관람하기, 문화예술 직접하기, 운동-스포츠 직접하기, 관광-여행, 오락-휴식, 자기계발-자기관리, 사회교류"
53372784,202211,M,20대,전라북도,300이상500만원 미만,"문화예술 관람하기, 운동-스포츠 직접하기, 관광-여행, 오락-휴식, 자기계발-자기관리, 사회교류","문화예술 관람하기, 운동-스포츠 직접하기, 관광-여행, 오락-휴식, 자기계발-자기관리, 사회교류"
53336337,202211,M,20대,전라북도,300이상500만원 미만,관광-여행,"문화예술 직접하기, 관광-여행"
53365544,202211,M,20대,전라북도,300이상500만원 미만,"문화예술 관람하기, 스포츠 관람하기, 운동-스포츠 직접하기, 관광-여행","문화예술 관람하기, 스포츠 관람하기, 운동-스포츠 직접하기, 관광-여행, 자기계발-자기관리"
53357982,202211,F,30대,전라북도,300이상500만원 미만,관광-여행,관광-여행
53337441,202211,F,30대,전라북도,300이상500만원 미만,"문화예술 관람하기, 문화예술 직접하기, 관광-여행, 오락-휴식, 자기계발-자기관리, 사회교류","문화예술 관람하기, 문화예술 직접하기, 관광-여행, 오락-휴식, 자기계발-자기관리, 사회교류"
53343991,202211,F,20대,전라북도,300이상500만원 미만,운동-스포츠 직접하기,"스포츠 관람하기, 운동-스포츠 직접하기, 자기계발-자기관리"
53357996,202211,F,20대,전라북도,300이상500만원 미만,"관광-여행, 오락-휴식, 자기계발-자기관리, 사회교류","문화예술 직접하기, 운동-스포츠 직접하기, 관광-여행, 오락-휴식, 자기계발-자기관리, 사회교류"
53327149,202211,F,30대,전라북도,300이상500만원 미만,"관광-여행, 오락-휴식","관광-여행, 오락-휴식"
53376254,202211,F,30대,전라북도,300이상500만원 미만,"문화예술 직접하기, 운동-스포츠 직접하기, 관광-여행, 오락-휴식, 자기계발-자기관리, 사회교류","문화예술 직접하기, 운동-스포츠 직접하기, 관광-여행, 오락-휴식, 자기계발-자기관리, 사회교류"
53366447,202211,M,30대,전라북도,300이상500만원 미만,"문화예술 관람하기, 관광-여행","문화예술 관람하기, 관광-여행"
53348237,202211,M,30대,전라북도,300이상500만원 미만,"오락-휴식, 사회교류","스포츠 관람하기, 관광-여행, 오락-휴식, 사회교류"
53343866,202211,M,40대,전라북도,300이상500만원 미만,관광-여행,"스포츠 관람하기, 관광-여행"
53333654,202211,M,30대,전라북도,300이상500만원 미만,"스포츠 관람하기, 오락-휴식, 자기계발-자기관리","스포츠 관람하기, 오락-휴식, 자기계발-자기관리"
53331986,202211,F,40대,전라북도,300이상500만원 미만,"문화예술 관람하기, 스포츠 관람하기, 운동-스포츠 직접하기, 관광-여행, 오락-휴식, 자기계발-자기관리, 사회교류","문화예술 관람하기, 스포츠 관람하기, 운동-스포츠 직접하기, 관광-여행, 오락-휴식, 자기계발-자기관리, 사회교류"
53375873,202211,M,60대,전라북도,300이상500만원 미만,"문화예술 관람하기, 운동-스포츠 직접하기, 관광-여행, 자기계발-자기관리, 사회교류","문화예술 관람하기, 운동-스포츠 직접하기, 관광-여행, 자기계발-자기관리, 사회교류"
53342559,202211,M,60대,전라북도,300이상500만원 미만,"운동-스포츠 직접하기, 오락-휴식","운동-스포츠 직접하기, 오락-휴식"
53333329,202211,M,60대,전라북도,300이상500만원 미만,"문화예술 관람하기, 스포츠 관람하기, 운동-스포츠 직접하기, 관광-여행, 오락-휴식, 사회교류","문화예술 관람하기, 스포츠 관람하기, 운동-스포츠 직접하기, 관광-여행, 오락-휴식, 사회교류"
53339992,202211,F,60대,전라북도,300이상500만원 미만,"문화예술 직접하기, 운동-스포츠 직접하기, 관광-여행","문화예술 직접하기, 운동-스포츠 직접하기, 관광-여행"
53333170,202211,F,60대,전라북도,300이상500만원 미만,"관광-여행, 사회교류","관광-여행, 사회교류"
53331214,202211,M,40대,전라남도,300이상500만원 미만,"문화예술 관람하기, 스포츠 관람하기, 운동-스포츠 직접하기, 관광-여행, 오락-휴식, 자기계발-자기관리","문화예술 관람하기, 문화예술 직접하기, 스포츠 관람하기, 운동-스포츠 직접하기, 관광-여행, 오락-휴식, 자기계발-자기관리"
53348340,202211,M,50대,전라북도,300이상500만원 미만,"스포츠 관람하기, 운동-스포츠 직접하기, 관광-여행, 오락-휴식","스포츠 관람하기, 운동-스포츠 직접하기, 관광-여행, 오락-휴식"
53365786,202211,F,50대,전라북도,300이상500만원 미만,"문화예술 관람하기, 문화예술 직접하기, 스포츠 관람하기, 운동-스포츠 직접하기, 오락-휴식, 사회교류","문화예술 관람하기, 문화예술 직접하기, 스포츠 관람하기, 운동-스포츠 직접하기, 관광-여행, 오락-휴식, 자기계발-자기관리, 사회교류"
53345404,202211,F,50대,전라북도,300이상500만원 미만,"문화예술 관람하기, 스포츠 관람하기, 운동-스포츠 직접하기, 관광-여행, 오락-휴식, 자기계발-자기관리, 사회교류","문화예술 관람하기, 스포츠 관람하기, 운동-스포츠 직접하기, 관광-여행, 오락-휴식, 자기계발-자기관리, 사회교류"
53332445,202211,F,50대,전라북도,300이상500만원 미만,"운동-스포츠 직접하기, 관광-여행","운동-스포츠 직접하기, 관광-여행"
53338740,202211,F,40대,전라북도,300이상500만원 미만,오락-휴식,"관광-여행, 오락-휴식"
53335115,202211,F,40대,전라북도,300이상500만원 미만,"운동-스포츠 직접하기, 관광-여행, 오락-휴식, 사회교류","문화예술 직접하기, 운동-스포츠 직접하기, 관광-여행, 오락-휴식, 사회교류"
53375758,202211,F,50대,전라북도,300이상500만원 미만,오락-휴식,"문화예술 관람하기, 관광-여행, 오락-휴식"
53375766,202211,F,50대,전라북도,300이상500만원 미만,"문화예술 관람하기, 운동-스포츠 직접하기, 관광-여행, 오락-휴식, 자기계발-자기관리","문화예술 관람하기, 운동-스포츠 직접하기, 관광-여행, 오락-휴식, 자기계발-자기관리"
53350239,202211,F,40대,전라북도,300이상500만원 미만,"문화예술 관람하기, 운동-스포츠 직접하기, 관광-여행, 오락-휴식, 자기계발-자기관리, 사회교류","문화예술 관람하기, 운동-스포츠 직접하기, 관광-여행, 오락-휴식, 자기계발-자기관리, 사회교류"
53338032,202211,F,60대,전라남도,300이상500만원 미만,"운동-스포츠 직접하기, 오락-휴식, 자기계발-자기관리","운동-스포츠 직접하기, 오락-휴식, 자기계발-자기관리"
53325453,202211,F,60대,전라남도,300이상500만원 미만,"운동-스포츠 직접하기, 관광-여행, 오락-휴식, 사회교류","문화예술 직접하기, 운동-스포츠 직접하기, 관광-여행, 오락-휴식, 사회교류"
53361190,202211,F,60대,전라남도,300이상500만원 미만,"문화예술 관람하기, 운동-스포츠 직접하기, 관광-여행, 오락-휴식, 사회교류","문화예술 관람하기, 스포츠 관람하기, 운동-스포츠 직접하기, 관광-여행, 오락-휴식, 사회교류"
53330841,202211,M,60대,전라남도,300이상500만원 미만,"문화예술 관람하기, 스포츠 관람하기, 오락-휴식, 사회교류","문화예술 관람하기, 문화예술 직접하기, 스포츠 관람하기, 관광-여행, 오락-휴식, 사회교류"
53369838,202211,M,60대,전라남도,300이상500만원 미만,"문화예술 관람하기, 운동-스포츠 직접하기, 오락-휴식, 사회교류","문화예술 관람하기, 운동-스포츠 직접하기, 오락-휴식, 사회교류"
53336339,202211,M,60대,전라남도,300이상500만원 미만,"관광-여행, 오락-휴식, 자기계발-자기관리, 사회교류","문화예술 관람하기, 관광-여행, 오락-휴식, 자기계발-자기관리, 사회교류"
53360193,202211,M,60대,전라남도,300이상500만원 미만,"문화예술 관람하기, 스포츠 관람하기, 운동-스포츠 직접하기, 관광-여행, 오락-휴식, 자기계발-자기관리, 사회교류","문화예술 관람하기, 스포츠 관람하기, 운동-스포츠 직접하기, 관광-여행, 오락-휴식, 자기계발-자기관리, 사회교류"
53325906,202211,M,50대,전라남도,300이상500만원 미만,"스포츠 관람하기, 관광-여행, 오락-휴식, 자기계발-자기관리, 사회교류","문화예술 관람하기, 스포츠 관람하기, 관광-여행, 오락-휴식, 자기계발-자기관리, 사회교류"
53376775,202211,M,50대,전라남도,300이상500만원 미만,오락-휴식,"문화예술 관람하기, 오락-휴식"
53355447,202211,M,50대,전라남도,300이상500만원 미만,"문화예술 관람하기, 문화예술 직접하기, 스포츠 관람하기, 오락-휴식, 사회교류","문화예술 관람하기, 문화예술 직접하기, 스포츠 관람하기, 관광-여행, 오락-휴식, 사회교류"
53356927,202211,M,50대,전라남도,300이상500만원 미만,"운동-스포츠 직접하기, 관광-여행","운동-스포츠 직접하기, 관광-여행"
53330077,202211,M,50대,전라남도,300이상500만원 미만,"스포츠 관람하기, 운동-스포츠 직접하기, 사회교류","스포츠 관람하기, 운동-스포츠 직접하기, 자기계발-자기관리, 사회교류"
53354070,202211,F,40대,전라남도,300이상500만원 미만,"관광-여행, 사회교류","관광-여행, 사회교류"
53347566,202211,M,40대,전라남도,300이상500만원 미만,"운동-스포츠 직접하기, 자기계발-자기관리","운동-스포츠 직접하기, 관광-여행, 자기계발-자기관리"
53350124,202211,M,40대,전라남도,300이상500만원 미만,"스포츠 관람하기, 운동-스포츠 직접하기, 관광-여행","스포츠 관람하기, 운동-스포츠 직접하기, 관광-여행"
53347215,202211,M,40대,전라남도,300이상500만원 미만,"운동-스포츠 직접하기, 관광-여행, 오락-휴식","운동-스포츠 직접하기, 관광-여행, 오락-휴식"
53358290,202211,M,40대,전라남도,300이상500만원 미만,"문화예술 관람하기, 운동-스포츠 직접하기, 관광-여행, 오락-휴식, 자기계발-자기관리, 사회교류","문화예술 관람하기, 운동-스포츠 직접하기, 관광-여행, 오락-휴식, 자기계발-자기관리, 사회교류"
53343259,202211,M,30대,전라남도,300이상500만원 미만,"관광-여행, 오락-휴식","관광-여행, 오락-휴식"
53328694,202211,M,30대,전라남도,300이상500만원 미만,"문화예술 관람하기, 스포츠 관람하기, 운동-스포츠 직접하기, 관광-여행, 오락-휴식, 자기계발-자기관리, 사회교류","문화예술 관람하기, 스포츠 관람하기, 운동-스포츠 직접하기, 관광-여행, 오락-휴식, 자기계발-자기관리, 사회교류"
53353493,202211,M,30대,전라남도,300이상500만원 미만,관광-여행,"문화예술 관람하기, 스포츠 관람하기, 관광-여행"
53341341,202211,F,30대,전라남도,300이상500만원 미만,"문화예술 관람하기, 관광-여행, 오락-휴식, 자기계발-자기관리, 사회교류","문화예술 관람하기, 관광-여행, 오락-휴식, 자기계발-자기관리, 사회교류"
53337800,202211,F,30대,전라남도,300이상500만원 미만,"문화예술 관람하기, 문화예술 직접하기, 스포츠 관람하기, 운동-스포츠 직접하기, 관광-여행, 오락-휴식, 자기계발-자기관리, 사회교류","문화예술 관람하기, 문화예술 직접하기, 스포츠 관람하기, 운동-스포츠 직접하기, 관광-여행, 오락-휴식, 자기계발-자기관리, 사회교류"
53344925,202211,F,20대,전라남도,300이상500만원 미만,"관광-여행, 오락-휴식, 사회교류","문화예술 관람하기, 관광-여행, 오락-휴식, 사회교류"
53357604,202211,F,30대,전라남도,300이상500만원 미만,"문화예술 직접하기, 관광-여행, 오락-휴식, 자기계발-자기관리, 사회교류","문화예술 관람하기, 문화예술 직접하기, 관광-여행, 오락-휴식, 자기계발-자기관리, 사회교류"
53376326,202211,M,20대,인천광역시,300이상500만원 미만,오락-휴식,오락-휴식
53341472,202211,F,20대,인천광역시,300이상500만원 미만,"문화예술 관람하기, 운동-스포츠 직접하기, 관광-여행, 오락-휴식, 자기계발-자기관리","문화예술 관람하기, 문화예술 직접하기, 운동-스포츠 직접하기, 관광-여행, 오락-휴식, 자기계발-자기관리"
53358759,202211,F,20대,인천광역시,300이상500만원 미만,"관광-여행, 오락-휴식, 자기계발-자기관리, 사회교류","문화예술 관람하기, 관광-여행, 오락-휴식, 자기계발-자기관리, 사회교류"
53332440,202211,F,20대,인천광역시,300이상500만원 미만,자기계발-자기관리,"문화예술 직접하기, 자기계발-자기관리"
53328664,202211,F,30대,인천광역시,300이상500만원 미만,"문화예술 관람하기, 운동-스포츠 직접하기, 관광-여행, 오락-휴식","문화예술 관람하기, 운동-스포츠 직접하기, 관광-여행, 오락-휴식, 자기계발-자기관리"
53374170,202211,F,20대,인천광역시,300이상500만원 미만,"오락-휴식, 자기계발-자기관리","오락-휴식, 자기계발-자기관리"
53344145,202211,M,30대,인천광역시,300이상500만원 미만,"스포츠 관람하기, 관광-여행, 오락-휴식, 자기계발-자기관리, 사회교류","스포츠 관람하기, 관광-여행, 오락-휴식, 자기계발-자기관리, 사회교류"
53326144,202211,F,30대,인천광역시,300이상500만원 미만,사회교류,사회교류
53370938,202211,M,30대,인천광역시,300이상500만원 미만,오락-휴식,"문화예술 관람하기, 오락-휴식"
53331324,202211,M,40대,인천광역시,300이상500만원 미만,"운동-스포츠 직접하기, 관광-여행, 오락-휴식, 사회교류","운동-스포츠 직접하기, 관광-여행, 오락-휴식, 사회교류"
53340430,202211,M,40대,인천광역시,300이상500만원 미만,"문화예술 관람하기, 오락-휴식","문화예술 관람하기, 오락-휴식"
53340560,202211,M,40대,인천광역시,300이상500만원 미만,"문화예술 관람하기, 운동-스포츠 직접하기, 관광-여행, 오락-휴식","문화예술 관람하기, 운동-스포츠 직접하기, 관광-여행, 오락-휴식"
53353115,202211,M,40대,인천광역시,300이상500만원 미만,"운동-스포츠 직접하기, 관광-여행, 오락-휴식","운동-스포츠 직접하기, 관광-여행, 오락-휴식"
53333040,202211,M,30대,인천광역시,300이상500만원 미만,"문화예술 관람하기, 관광-여행, 오락-휴식, 자기계발-자기관리, 사회교류","문화예술 관람하기, 관광-여행, 오락-휴식, 자기계발-자기관리, 사회교류"
53362081,202211,M,30대,인천광역시,300이상500만원 미만,스포츠 관람하기,"스포츠 관람하기, 오락-휴식"
53339870,202211,M,30대,인천광역시,300이상500만원 미만,"스포츠 관람하기, 관광-여행, 오락-휴식, 사회교류","문화예술 관람하기, 스포츠 관람하기, 관광-여행, 오락-휴식, 사회교류"
53333602,202211,M,30대,인천광역시,300이상500만원 미만,"스포츠 관람하기, 자기계발-자기관리, 사회교류","문화예술 직접하기, 스포츠 관람하기, 운동-스포츠 직접하기, 자기계발-자기관리, 사회교류"
53341525,202211,M,40대,인천광역시,300이상500만원 미만,"운동-스포츠 직접하기, 관광-여행, 오락-휴식, 자기계발-자기관리, 사회교류","문화예술 직접하기, 운동-스포츠 직접하기, 관광-여행, 오락-휴식, 자기계발-자기관리, 사회교류"
53341546,202211,M,40대,인천광역시,300이상500만원 미만,"문화예술 관람하기, 운동-스포츠 직접하기, 오락-휴식","문화예술 관람하기, 운동-스포츠 직접하기, 오락-휴식, 자기계발-자기관리"
53360097,202211,M,40대,인천광역시,300이상500만원 미만,"스포츠 관람하기, 오락-휴식, 사회교류","스포츠 관람하기, 관광-여행, 오락-휴식, 사회교류"
53350181,202211,F,40대,인천광역시,300이상500만원 미만,"문화예술 관람하기, 스포츠 관람하기, 관광-여행, 오락-휴식, 자기계발-자기관리, 사회교류","문화예술 관람하기, 문화예술 직접하기, 스포츠 관람하기, 관광-여행, 오락-휴식, 자기계발-자기관리, 사회교류"
53353303,202211,M,30대,인천광역시,300이상500만원 미만,오락-휴식,"문화예술 관람하기, 관광-여행, 오락-휴식"
53348286,202211,F,40대,인천광역시,300이상500만원 미만,"관광-여행, 사회교류","관광-여행, 사회교류"
53343762,202211,F,40대,인천광역시,300이상500만원 미만,"문화예술 관람하기, 오락-휴식, 사회교류","문화예술 관람하기, 관광-여행, 오락-휴식, 사회교류"
53335198,202211,F,40대,인천광역시,300이상500만원 미만,"관광-여행, 오락-휴식, 사회교류","문화예술 직접하기, 관광-여행, 오락-휴식, 사회교류"
53346731,202211,M,40대,인천광역시,300이상500만원 미만,"운동-스포츠 직접하기, 관광-여행, 사회교류","문화예술 관람하기, 운동-스포츠 직접하기, 관광-여행, 사회교류"
53342936,202211,M,40대,인천광역시,300이상500만원 미만,"문화예술 관람하기, 운동-스포츠 직접하기, 관광-여행, 오락-휴식","문화예술 관람하기, 운동-스포츠 직접하기, 관광-여행, 오락-휴식"
53334398,202211,M,40대,인천광역시,300이상500만원 미만,"운동-스포츠 직접하기, 관광-여행, 오락-휴식","스포츠 관람하기, 운동-스포츠 직접하기, 관광-여행, 오락-휴식"
53334457,202211,M,40대,인천광역시,300이상500만원 미만,"스포츠 관람하기, 운동-스포츠 직접하기, 관광-여행, 오락-휴식, 자기계발-자기관리","문화예술 관람하기, 스포츠 관람하기, 운동-스포츠 직접하기, 관광-여행, 오락-휴식, 자기계발-자기관리"
53364422,202211,M,40대,인천광역시,300이상500만원 미만,"문화예술 관람하기, 스포츠 관람하기, 운동-스포츠 직접하기, 관광-여행, 오락-휴식, 자기계발-자기관리, 사회교류","문화예술 관람하기, 스포츠 관람하기, 운동-스포츠 직접하기, 관광-여행, 오락-휴식, 자기계발-자기관리, 사회교류"
53365701,202211,M,40대,인천광역시,300이상500만원 미만,"관광-여행, 오락-휴식, 사회교류","문화예술 관람하기, 관광-여행, 오락-휴식, 자기계발-자기관리, 사회교류"
53368874,202211,M,40대,인천광역시,300이상500만원 미만,"관광-여행, 오락-휴식","관광-여행, 오락-휴식"
53350842,202211,F,50대,인천광역시,300이상500만원 미만,"문화예술 관람하기, 문화예술 직접하기, 운동-스포츠 직접하기, 관광-여행, 오락-휴식, 자기계발-자기관리, 사회교류","문화예술 관람하기, 문화예술 직접하기, 운동-스포츠 직접하기, 관광-여행, 오락-휴식, 자기계발-자기관리, 사회교류"
53347377,202211,F,50대,인천광역시,300이상500만원 미만,"운동-스포츠 직접하기, 관광-여행, 오락-휴식","문화예술 관람하기, 운동-스포츠 직접하기, 관광-여행, 오락-휴식"
53331121,202211,F,40대,인천광역시,300이상500만원 미만,자기계발-자기관리,"문화예술 직접하기, 자기계발-자기관리"
53352587,202211,F,50대,인천광역시,300이상500만원 미만,오락-휴식,"운동-스포츠 직접하기, 관광-여행, 오락-휴식"
53356454,202211,F,40대,인천광역시,300이상500만원 미만,"관광-여행, 오락-휴식, 사회교류","관광-여행, 오락-휴식, 자기계발-자기관리, 사회교류"
53371614,202211,M,50대,인천광역시,300이상500만원 미만,"스포츠 관람하기, 운동-스포츠 직접하기, 관광-여행, 오락-휴식, 사회교류","스포츠 관람하기, 운동-스포츠 직접하기, 관광-여행, 오락-휴식, 사회교류"
53370805,202211,M,50대,인천광역시,300이상500만원 미만,"문화예술 관람하기, 스포츠 관람하기, 운동-스포츠 직접하기, 관광-여행, 오락-휴식, 자기계발-자기관리","문화예술 관람하기, 스포츠 관람하기, 운동-스포츠 직접하기, 관광-여행, 오락-휴식, 자기계발-자기관리"
53366739,202211,M,50대,인천광역시,300이상500만원 미만,오락-휴식,"스포츠 관람하기, 관광-여행, 오락-휴식"
53366061,202211,M,50대,인천광역시,300이상500만원 미만,"문화예술 관람하기, 스포츠 관람하기, 운동-스포츠 직접하기, 관광-여행, 오락-휴식","문화예술 관람하기, 스포츠 관람하기, 운동-스포츠 직접하기, 관광-여행, 오락-휴식"
53325791,202211,M,50대,인천광역시,300이상500만원 미만,"운동-스포츠 직접하기, 관광-여행, 오락-휴식, 사회교류","운동-스포츠 직접하기, 관광-여행, 오락-휴식, 사회교류"
53344242,202211,M,50대,인천광역시,300이상500만원 미만,"관광-여행, 오락-휴식","스포츠 관람하기, 관광-여행, 오락-휴식"
53366275,202211,M,50대,인천광역시,300이상500만원 미만,"스포츠 관람하기, 운동-스포츠 직접하기, 관광-여행","스포츠 관람하기, 운동-스포츠 직접하기, 관광-여행"
53331843,202211,M,50대,인천광역시,300이상500만원 미만,"문화예술 관람하기, 운동-스포츠 직접하기, 관광-여행, 오락-휴식, 자기계발-자기관리","문화예술 관람하기, 운동-스포츠 직접하기, 관광-여행, 오락-휴식, 자기계발-자기관리"
53360630,202211,F,50대,인천광역시,300이상500만원 미만,사회교류,"문화예술 관람하기, 자기계발-자기관리, 사회교류"
53326445,202211,F,50대,인천광역시,300이상500만원 미만,"스포츠 관람하기, 관광-여행, 오락-휴식, 자기계발-자기관리, 사회교류","문화예술 관람하기, 스포츠 관람하기, 관광-여행, 오락-휴식, 자기계발-자기관리, 사회교류"
53330356,202211,F,50대,인천광역시,300이상500만원 미만,"운동-스포츠 직접하기, 관광-여행, 오락-휴식","운동-스포츠 직접하기, 관광-여행, 오락-휴식"
53328751,202211,F,50대,인천광역시,300이상500만원 미만,"문화예술 관람하기, 관광-여행, 오락-휴식","문화예술 관람하기, 관광-여행, 오락-휴식"
53375372,202211,M,50대,인천광역시,300이상500만원 미만,"스포츠 관람하기, 운동-스포츠 직접하기, 오락-휴식, 사회교류","스포츠 관람하기, 운동-스포츠 직접하기, 오락-휴식, 사회교류"
53363689,202211,M,60대,인천광역시,300이상500만원 미만,"문화예술 관람하기, 스포츠 관람하기, 운동-스포츠 직접하기, 관광-여행, 오락-휴식, 자기계발-자기관리","문화예술 관람하기, 문화예술 직접하기, 스포츠 관람하기, 운동-스포츠 직접하기, 관광-여행, 오락-휴식, 자기계발-자기관리"
53375537,202211,M,60대,인천광역시,300이상500만원 미만,"문화예술 관람하기, 스포츠 관람하기, 운동-스포츠 직접하기, 관광-여행, 오락-휴식, 자기계발-자기관리, 사회교류","문화예술 관람하기, 스포츠 관람하기, 운동-스포츠 직접하기, 관광-여행, 오락-휴식, 자기계발-자기관리, 사회교류"
53356528,202211,M,60대,인천광역시,300이상500만원 미만,"문화예술 관람하기, 스포츠 관람하기, 오락-휴식, 자기계발-자기관리","문화예술 관람하기, 스포츠 관람하기, 오락-휴식, 자기계발-자기관리"
53344297,202211,F,60대,인천광역시,300이상500만원 미만,"문화예술 관람하기, 스포츠 관람하기, 관광-여행, 오락-휴식, 사회교류","문화예술 관람하기, 스포츠 관람하기, 관광-여행, 오락-휴식, 사회교류"
53374474,202211,F,60대,인천광역시,300이상500만원 미만,"운동-스포츠 직접하기, 자기계발-자기관리, 사회교류","문화예술 관람하기, 운동-스포츠 직접하기, 자기계발-자기관리, 사회교류"
53341022,202211,F,60대,인천광역시,300이상500만원 미만,"운동-스포츠 직접하기, 관광-여행","운동-스포츠 직접하기, 관광-여행"
53341874,202211,M,60대,인천광역시,300이상500만원 미만,"문화예술 관람하기, 운동-스포츠 직접하기, 오락-휴식","문화예술 관람하기, 운동-스포츠 직접하기, 관광-여행, 오락-휴식, 자기계발-자기관리"
53368027,202211,M,60대,인천광역시,300이상500만원 미만,운동-스포츠 직접하기,"운동-스포츠 직접하기, 자기계발-자기관리"
53327625,202211,M,60대,인천광역시,300이상500만원 미만,"스포츠 관람하기, 관광-여행, 오락-휴식, 사회교류","스포츠 관람하기, 관광-여행, 오락-휴식, 사회교류"
53336836,202211,M,60대,인천광역시,300이상500만원 미만,"운동-스포츠 직접하기, 관광-여행, 오락-휴식","운동-스포츠 직접하기, 관광-여행, 오락-휴식"
53346948,202211,F,60대,인천광역시,300이상500만원 미만,"운동-스포츠 직접하기, 오락-휴식","문화예술 관람하기, 운동-스포츠 직접하기, 오락-휴식"
53356522,202211,F,50대,울산광역시,300이상500만원 미만,"스포츠 관람하기, 운동-스포츠 직접하기, 관광-여행, 오락-휴식, 사회교류","문화예술 직접하기, 스포츠 관람하기, 운동-스포츠 직접하기, 관광-여행, 오락-휴식, 사회교류"
53328339,202211,F,30대,울산광역시,300이상500만원 미만,"오락-휴식, 자기계발-자기관리, 사회교류","관광-여행, 오락-휴식, 자기계발-자기관리, 사회교류"
53374464,202211,M,50대,울산광역시,300이상500만원 미만,"운동-스포츠 직접하기, 관광-여행, 자기계발-자기관리","운동-스포츠 직접하기, 관광-여행, 자기계발-자기관리"
53371637,202211,M,50대,울산광역시,300이상500만원 미만,운동-스포츠 직접하기,"스포츠 관람하기, 운동-스포츠 직접하기, 사회교류"
53333247,202211,F,50대,울산광역시,300이상500만원 미만,"문화예술 관람하기, 운동-스포츠 직접하기, 관광-여행, 오락-휴식, 사회교류","문화예술 관람하기, 운동-스포츠 직접하기, 관광-여행, 오락-휴식, 자기계발-자기관리, 사회교류"
53363480,202211,F,40대,울산광역시,300이상500만원 미만,"문화예술 관람하기, 문화예술 직접하기, 오락-휴식, 자기계발-자기관리, 사회교류","문화예술 관람하기, 문화예술 직접하기, 오락-휴식, 자기계발-자기관리, 사회교류"
53353697,202211,F,40대,울산광역시,300이상500만원 미만,"관광-여행, 오락-휴식, 사회교류","관광-여행, 오락-휴식, 자기계발-자기관리, 사회교류"
53365759,202211,M,40대,울산광역시,300이상500만원 미만,"문화예술 관람하기, 스포츠 관람하기, 관광-여행, 사회교류","문화예술 관람하기, 스포츠 관람하기, 관광-여행, 사회교류"
53376308,202211,F,40대,울산광역시,300이상500만원 미만,"문화예술 관람하기, 운동-스포츠 직접하기, 관광-여행, 오락-휴식, 자기계발-자기관리, 사회교류","문화예술 관람하기, 문화예술 직접하기, 운동-스포츠 직접하기, 관광-여행, 오락-휴식, 자기계발-자기관리, 사회교류"
53376719,202211,M,30대,울산광역시,300이상500만원 미만,"문화예술 관람하기, 운동-스포츠 직접하기, 관광-여행, 오락-휴식, 자기계발-자기관리, 사회교류","문화예술 관람하기, 운동-스포츠 직접하기, 관광-여행, 오락-휴식, 자기계발-자기관리, 사회교류"
53366134,202211,M,30대,울산광역시,300이상500만원 미만,"스포츠 관람하기, 운동-스포츠 직접하기, 관광-여행, 자기계발-자기관리, 사회교류","스포츠 관람하기, 운동-스포츠 직접하기, 관광-여행, 오락-휴식, 자기계발-자기관리, 사회교류"
53344584,202211,M,30대,울산광역시,300이상500만원 미만,"문화예술 직접하기, 운동-스포츠 직접하기, 자기계발-자기관리","문화예술 직접하기, 운동-스포츠 직접하기, 자기계발-자기관리"
53332626,202211,F,40대,울산광역시,300이상500만원 미만,"문화예술 관람하기, 스포츠 관람하기, 운동-스포츠 직접하기, 관광-여행, 오락-휴식, 자기계발-자기관리, 사회교류","문화예술 관람하기, 스포츠 관람하기, 운동-스포츠 직접하기, 관광-여행, 오락-휴식, 자기계발-자기관리, 사회교류"
53340146,202211,F,40대,울산광역시,300이상500만원 미만,"스포츠 관람하기, 운동-스포츠 직접하기, 관광-여행, 오락-휴식, 자기계발-자기관리, 사회교류","문화예술 관람하기, 스포츠 관람하기, 운동-스포츠 직접하기, 관광-여행, 오락-휴식, 자기계발-자기관리, 사회교류"
53367320,202211,M,40대,울산광역시,300이상500만원 미만,"문화예술 관람하기, 운동-스포츠 직접하기, 오락-휴식, 자기계발-자기관리","문화예술 관람하기, 운동-스포츠 직접하기, 관광-여행, 오락-휴식, 자기계발-자기관리"
53368750,202211,M,40대,울산광역시,300이상500만원 미만,"운동-스포츠 직접하기, 관광-여행","운동-스포츠 직접하기, 관광-여행"
53338480,202211,F,40대,울산광역시,300이상500만원 미만,"운동-스포츠 직접하기, 오락-휴식","운동-스포츠 직접하기, 오락-휴식"
53342357,202211,F,40대,울산광역시,300이상500만원 미만,관광-여행,관광-여행
53368449,202211,F,40대,울산광역시,300이상500만원 미만,"운동-스포츠 직접하기, 오락-휴식, 자기계발-자기관리","운동-스포츠 직접하기, 오락-휴식, 자기계발-자기관리"
53377437,202211,F,30대,울산광역시,300이상500만원 미만,"문화예술 관람하기, 문화예술 직접하기, 운동-스포츠 직접하기, 관광-여행, 오락-휴식, 자기계발-자기관리, 사회교류","문화예술 관람하기, 문화예술 직접하기, 스포츠 관람하기, 운동-스포츠 직접하기, 관광-여행, 오락-휴식, 자기계발-자기관리, 사회교류"
53343936,202211,F,30대,세종특별자치시,300이상500만원 미만,"문화예술 관람하기, 운동-스포츠 직접하기, 관광-여행, 오락-휴식, 자기계발-자기관리, 사회교류","문화예술 관람하기, 운동-스포츠 직접하기, 관광-여행, 오락-휴식, 자기계발-자기관리, 사회교류"
53351931,202211,F,30대,울산광역시,300이상500만원 미만,"문화예술 관람하기, 관광-여행, 오락-휴식, 자기계발-자기관리, 사회교류","문화예술 관람하기, 관광-여행, 오락-휴식, 자기계발-자기관리, 사회교류"
53370984,202211,M,20대,울산광역시,300이상500만원 미만,"스포츠 관람하기, 운동-스포츠 직접하기, 관광-여행, 오락-휴식, 자기계발-자기관리, 사회교류","스포츠 관람하기, 운동-스포츠 직접하기, 관광-여행, 오락-휴식, 자기계발-자기관리, 사회교류"
53332301,202211,F,30대,세종특별자치시,300이상500만원 미만,"문화예술 관람하기, 문화예술 직접하기, 스포츠 관람하기, 운동-스포츠 직접하기, 관광-여행, 오락-휴식, 자기계발-자기관리, 사회교류","문화예술 관람하기, 문화예술 직접하기, 스포츠 관람하기, 운동-스포츠 직접하기, 관광-여행, 오락-휴식, 자기계발-자기관리, 사회교류"
53335451,202211,M,30대,세종특별자치시,300이상500만원 미만,"오락-휴식, 사회교류","오락-휴식, 사회교류"
53375446,202211,M,30대,세종특별자치시,300이상500만원 미만,문화예술 직접하기,"문화예술 직접하기, 스포츠 관람하기, 사회교류"
53338142,202211,M,40대,세종특별자치시,300이상500만원 미만,"스포츠 관람하기, 운동-스포츠 직접하기, 오락-휴식, 자기계발-자기관리, 사회교류","스포츠 관람하기, 운동-스포츠 직접하기, 관광-여행, 오락-휴식, 자기계발-자기관리, 사회교류"
53364374,202211,F,60대,세종특별자치시,300이상500만원 미만,"문화예술 관람하기, 운동-스포츠 직접하기, 관광-여행, 오락-휴식, 사회교류","문화예술 관람하기, 운동-스포츠 직접하기, 관광-여행, 오락-휴식, 사회교류"
53343486,202211,F,60대,세종특별자치시,300이상500만원 미만,"문화예술 관람하기, 운동-스포츠 직접하기, 관광-여행, 오락-휴식, 자기계발-자기관리, 사회교류","문화예술 관람하기, 운동-스포츠 직접하기, 관광-여행, 오락-휴식, 자기계발-자기관리, 사회교류"
53342688,202211,M,60대,강원도,300이상500만원 미만,"문화예술 관람하기, 운동-스포츠 직접하기, 관광-여행, 오락-휴식, 자기계발-자기관리, 사회교류","문화예술 관람하기, 운동-스포츠 직접하기, 관광-여행, 오락-휴식, 자기계발-자기관리, 사회교류"
53353528,202211,F,60대,강원도,300이상500만원 미만,"문화예술 관람하기, 운동-스포츠 직접하기, 관광-여행, 오락-휴식","문화예술 관람하기, 운동-스포츠 직접하기, 관광-여행, 오락-휴식"
53331608,202211,M,60대,강원도,300이상500만원 미만,"운동-스포츠 직접하기, 관광-여행, 오락-휴식, 자기계발-자기관리, 사회교류","운동-스포츠 직접하기, 관광-여행, 오락-휴식, 자기계발-자기관리, 사회교류"
53350379,202211,M,50대,강원도,300이상500만원 미만,"관광-여행, 오락-휴식, 자기계발-자기관리, 사회교류","관광-여행, 오락-휴식, 자기계발-자기관리, 사회교류"
53355251,202211,M,50대,강원도,300이상500만원 미만,"스포츠 관람하기, 운동-스포츠 직접하기, 관광-여행, 자기계발-자기관리","스포츠 관람하기, 운동-스포츠 직접하기, 관광-여행, 자기계발-자기관리"
53348527,202211,M,50대,강원도,300이상500만원 미만,"관광-여행, 자기계발-자기관리","관광-여행, 자기계발-자기관리"
53370416,202211,M,50대,강원도,300이상500만원 미만,"운동-스포츠 직접하기, 관광-여행, 자기계발-자기관리","운동-스포츠 직접하기, 관광-여행, 자기계발-자기관리"
53366867,202211,F,50대,강원도,300이상500만원 미만,"문화예술 관람하기, 오락-휴식, 자기계발-자기관리, 사회교류","문화예술 관람하기, 오락-휴식, 자기계발-자기관리, 사회교류"
53339503,202211,F,50대,강원도,300이상500만원 미만,문화예술 관람하기,"문화예술 관람하기, 자기계발-자기관리"
53350609,202211,F,40대,강원도,300이상500만원 미만,"문화예술 관람하기, 관광-여행","문화예술 관람하기, 관광-여행"
53351554,202211,F,50대,강원도,300이상500만원 미만,관광-여행,"문화예술 관람하기, 운동-스포츠 직접하기, 관광-여행"
53376407,202211,F,40대,강원도,300이상500만원 미만,"스포츠 관람하기, 운동-스포츠 직접하기, 관광-여행, 오락-휴식, 자기계발-자기관리, 사회교류","문화예술 관람하기, 스포츠 관람하기, 운동-스포츠 직접하기, 관광-여행, 오락-휴식, 자기계발-자기관리, 사회교류"
53334684,202211,F,40대,강원도,300이상500만원 미만,"문화예술 관람하기, 스포츠 관람하기, 관광-여행, 사회교류","문화예술 관람하기, 스포츠 관람하기, 운동-스포츠 직접하기, 관광-여행, 사회교류"
53357526,202211,F,40대,강원도,300이상500만원 미만,"운동-스포츠 직접하기, 관광-여행","문화예술 관람하기, 운동-스포츠 직접하기, 관광-여행, 자기계발-자기관리"
53355191,202211,M,40대,강원도,300이상500만원 미만,"운동-스포츠 직접하기, 관광-여행","운동-스포츠 직접하기, 관광-여행"
53339154,202211,F,30대,강원도,300이상500만원 미만,"문화예술 관람하기, 운동-스포츠 직접하기, 관광-여행, 오락-휴식, 사회교류","문화예술 관람하기, 운동-스포츠 직접하기, 관광-여행, 오락-휴식, 사회교류"
53358219,202211,F,20대,강원도,300이상500만원 미만,문화예술 관람하기,"문화예술 관람하기, 스포츠 관람하기, 자기계발-자기관리"
53334110,202211,M,20대,강원도,300이상500만원 미만,오락-휴식,오락-휴식
53359075,202211,M,20대,강원도,300이상500만원 미만,자기계발-자기관리,자기계발-자기관리
53358618,202211,M,20대,강원도,500이상700만원 미만,"문화예술 관람하기, 문화예술 직접하기, 관광-여행, 오락-휴식, 자기계발-자기관리, 사회교류","문화예술 관람하기, 문화예술 직접하기, 관광-여행, 오락-휴식, 자기계발-자기관리, 사회교류"
53363247,202211,F,20대,강원도,500이상700만원 미만,"문화예술 관람하기, 문화예술 직접하기, 운동-스포츠 직접하기, 관광-여행, 오락-휴식, 자기계발-자기관리, 사회교류","문화예술 관람하기, 문화예술 직접하기, 운동-스포츠 직접하기, 관광-여행, 오락-휴식, 자기계발-자기관리, 사회교류"
53359244,202211,F,30대,강원도,500이상700만원 미만,"문화예술 관람하기, 운동-스포츠 직접하기, 오락-휴식, 자기계발-자기관리, 사회교류","문화예술 관람하기, 스포츠 관람하기, 운동-스포츠 직접하기, 관광-여행, 오락-휴식, 자기계발-자기관리, 사회교류"
53363146,202211,M,40대,강원도,500이상700만원 미만,"문화예술 관람하기, 문화예술 직접하기, 스포츠 관람하기, 운동-스포츠 직접하기, 관광-여행, 오락-휴식, 자기계발-자기관리, 사회교류","문화예술 관람하기, 문화예술 직접하기, 스포츠 관람하기, 운동-스포츠 직접하기, 관광-여행, 오락-휴식, 자기계발-자기관리, 사회교류"
53375464,202211,M,40대,강원도,500이상700만원 미만,"스포츠 관람하기, 운동-스포츠 직접하기, 관광-여행, 오락-휴식","문화예술 관람하기, 문화예술 직접하기, 스포츠 관람하기, 운동-스포츠 직접하기, 관광-여행, 오락-휴식"
53348208,202211,F,40대,강원도,500이상700만원 미만,"문화예술 관람하기, 스포츠 관람하기, 운동-스포츠 직접하기, 관광-여행, 오락-휴식, 자기계발-자기관리, 사회교류","문화예술 관람하기, 스포츠 관람하기, 운동-스포츠 직접하기, 관광-여행, 오락-휴식, 자기계발-자기관리, 사회교류"
53359241,202211,F,40대,강원도,500이상700만원 미만,"문화예술 관람하기, 운동-스포츠 직접하기, 관광-여행, 오락-휴식, 자기계발-자기관리, 사회교류","문화예술 관람하기, 운동-스포츠 직접하기, 관광-여행, 오락-휴식, 자기계발-자기관리, 사회교류"
53329786,202211,F,50대,강원도,500이상700만원 미만,"문화예술 관람하기, 문화예술 직접하기, 운동-스포츠 직접하기, 관광-여행, 오락-휴식, 자기계발-자기관리, 사회교류","문화예술 관람하기, 문화예술 직접하기, 운동-스포츠 직접하기, 관광-여행, 오락-휴식, 자기계발-자기관리, 사회교류"
53336895,202211,F,50대,강원도,500이상700만원 미만,운동-스포츠 직접하기,"문화예술 관람하기, 운동-스포츠 직접하기, 관광-여행"
53354545,202211,M,50대,강원도,500이상700만원 미만,"문화예술 관람하기, 스포츠 관람하기, 운동-스포츠 직접하기, 관광-여행, 오락-휴식, 자기계발-자기관리, 사회교류","문화예술 관람하기, 문화예술 직접하기, 스포츠 관람하기, 운동-스포츠 직접하기, 관광-여행, 오락-휴식, 자기계발-자기관리, 사회교류"
53340613,202211,F,50대,강원도,500이상700만원 미만,"문화예술 관람하기, 오락-휴식, 사회교류","문화예술 관람하기, 오락-휴식, 사회교류"
53350439,202211,M,50대,강원도,500이상700만원 미만,"문화예술 관람하기, 스포츠 관람하기, 운동-스포츠 직접하기, 관광-여행, 오락-휴식, 자기계발-자기관리, 사회교류","문화예술 관람하기, 스포츠 관람하기, 운동-스포츠 직접하기, 관광-여행, 오락-휴식, 자기계발-자기관리, 사회교류"
53341203,202211,M,60대,강원도,500이상700만원 미만,"스포츠 관람하기, 관광-여행, 오락-휴식, 사회교류","스포츠 관람하기, 관광-여행, 오락-휴식, 사회교류"
53342938,202211,F,60대,강원도,500이상700만원 미만,"운동-스포츠 직접하기, 관광-여행","운동-스포츠 직접하기, 관광-여행"
53333730,202211,F,60대,강원도,500이상700만원 미만,"문화예술 관람하기, 스포츠 관람하기, 관광-여행, 오락-휴식, 자기계발-자기관리, 사회교류","문화예술 관람하기, 스포츠 관람하기, 관광-여행, 오락-휴식, 자기계발-자기관리, 사회교류"
53347861,202211,F,60대,강원도,500이상700만원 미만,"운동-스포츠 직접하기, 관광-여행, 오락-휴식, 사회교류","스포츠 관람하기, 운동-스포츠 직접하기, 관광-여행, 오락-휴식, 사회교류"
53346710,202211,F,60대,강원도,500이상700만원 미만,"관광-여행, 오락-휴식, 사회교류","관광-여행, 오락-휴식, 사회교류"
53326810,202211,F,20대,세종특별자치시,500이상700만원 미만,관광-여행,관광-여행
53348146,202211,F,30대,울산광역시,500이상700만원 미만,자기계발-자기관리,"스포츠 관람하기, 자기계발-자기관리"
53347141,202211,M,40대,세종특별자치시,500이상700만원 미만,"운동-스포츠 직접하기, 관광-여행, 오락-휴식, 자기계발-자기관리","문화예술 관람하기, 운동-스포츠 직접하기, 관광-여행, 오락-휴식, 자기계발-자기관리"
53339822,202211,F,30대,세종특별자치시,500이상700만원 미만,"문화예술 관람하기, 운동-스포츠 직접하기, 관광-여행","문화예술 관람하기, 운동-스포츠 직접하기, 관광-여행"
53346186,202211,F,30대,울산광역시,500이상700만원 미만,"문화예술 관람하기, 운동-스포츠 직접하기, 오락-휴식, 자기계발-자기관리","문화예술 관람하기, 문화예술 직접하기, 운동-스포츠 직접하기, 관광-여행, 오락-휴식, 자기계발-자기관리"
53335248,202211,F,40대,울산광역시,500이상700만원 미만,"문화예술 관람하기, 운동-스포츠 직접하기, 관광-여행, 오락-휴식","문화예술 관람하기, 운동-스포츠 직접하기, 관광-여행, 오락-휴식"
53326937,202211,F,50대,울산광역시,500이상700만원 미만,"문화예술 관람하기, 문화예술 직접하기, 운동-스포츠 직접하기, 관광-여행, 오락-휴식, 자기계발-자기관리, 사회교류","문화예술 관람하기, 문화예술 직접하기, 운동-스포츠 직접하기, 관광-여행, 오락-휴식, 자기계발-자기관리, 사회교류"
53355176,202211,F,50대,울산광역시,500이상700만원 미만,"운동-스포츠 직접하기, 관광-여행, 오락-휴식, 사회교류","문화예술 관람하기, 문화예술 직접하기, 스포츠 관람하기, 운동-스포츠 직접하기, 관광-여행, 오락-휴식, 자기계발-자기관리, 사회교류"
53325797,202211,M,50대,울산광역시,500이상700만원 미만,"문화예술 관람하기, 운동-스포츠 직접하기, 관광-여행, 오락-휴식, 사회교류","문화예술 관람하기, 스포츠 관람하기, 운동-스포츠 직접하기, 관광-여행, 오락-휴식, 사회교류"
53350749,202211,F,60대,인천광역시,500이상700만원 미만,"문화예술 관람하기, 스포츠 관람하기, 운동-스포츠 직접하기, 관광-여행, 오락-휴식, 자기계발-자기관리, 사회교류","문화예술 관람하기, 문화예술 직접하기, 스포츠 관람하기, 운동-스포츠 직접하기, 관광-여행, 오락-휴식, 자기계발-자기관리, 사회교류"
53338961,202211,F,60대,인천광역시,500이상700만원 미만,문화예술 직접하기,"문화예술 직접하기, 자기계발-자기관리"
53342658,202211,F,60대,울산광역시,500이상700만원 미만,"문화예술 관람하기, 오락-휴식, 사회교류","문화예술 관람하기, 관광-여행, 오락-휴식, 사회교류"
53332714,202211,F,60대,울산광역시,500이상700만원 미만,"운동-스포츠 직접하기, 자기계발-자기관리","운동-스포츠 직접하기, 자기계발-자기관리"
53336982,202211,M,60대,울산광역시,500이상700만원 미만,"문화예술 관람하기, 운동-스포츠 직접하기, 관광-여행, 오락-휴식","문화예술 관람하기, 운동-스포츠 직접하기, 관광-여행, 오락-휴식"
53359040,202211,F,60대,울산광역시,500이상700만원 미만,"운동-스포츠 직접하기, 오락-휴식","운동-스포츠 직접하기, 관광-여행, 오락-휴식"
53339345,202211,M,60대,인천광역시,500이상700만원 미만,"문화예술 관람하기, 운동-스포츠 직접하기, 관광-여행, 오락-휴식, 사회교류","문화예술 관람하기, 스포츠 관람하기, 운동-스포츠 직접하기, 관광-여행, 오락-휴식, 자기계발-자기관리, 사회교류"
53353896,202211,M,60대,인천광역시,500이상700만원 미만,"스포츠 관람하기, 운동-스포츠 직접하기, 관광-여행, 오락-휴식, 사회교류","스포츠 관람하기, 운동-스포츠 직접하기, 관광-여행, 오락-휴식, 사회교류"
53372426,202211,M,60대,인천광역시,500이상700만원 미만,"문화예술 관람하기, 스포츠 관람하기, 운동-스포츠 직접하기, 관광-여행, 오락-휴식, 자기계발-자기관리, 사회교류","문화예술 관람하기, 스포츠 관람하기, 운동-스포츠 직접하기, 관광-여행, 오락-휴식, 자기계발-자기관리, 사회교류"
53349085,202211,M,60대,인천광역시,500이상700만원 미만,"문화예술 관람하기, 스포츠 관람하기, 운동-스포츠 직접하기, 관광-여행, 오락-휴식, 자기계발-자기관리","문화예술 관람하기, 스포츠 관람하기, 운동-스포츠 직접하기, 관광-여행, 오락-휴식, 자기계발-자기관리"
53337489,202211,M,60대,인천광역시,500이상700만원 미만,"스포츠 관람하기, 오락-휴식, 사회교류","스포츠 관람하기, 오락-휴식, 사회교류"
53362600,202211,M,50대,인천광역시,500이상700만원 미만,"스포츠 관람하기, 운동-스포츠 직접하기, 관광-여행, 오락-휴식","스포츠 관람하기, 운동-스포츠 직접하기, 관광-여행, 오락-휴식"
53352423,202211,M,50대,인천광역시,500이상700만원 미만,"문화예술 관람하기, 스포츠 관람하기, 운동-스포츠 직접하기, 관광-여행, 오락-휴식, 자기계발-자기관리, 사회교류","문화예술 관람하기, 문화예술 직접하기, 스포츠 관람하기, 운동-스포츠 직접하기, 관광-여행, 오락-휴식, 자기계발-자기관리, 사회교류"
53353015,202211,M,50대,인천광역시,500이상700만원 미만,"문화예술 관람하기, 관광-여행, 오락-휴식, 자기계발-자기관리, 사회교류","문화예술 관람하기, 스포츠 관람하기, 관광-여행, 오락-휴식, 자기계발-자기관리, 사회교류"
53356368,202211,M,60대,인천광역시,500이상700만원 미만,"스포츠 관람하기, 운동-스포츠 직접하기, 관광-여행","스포츠 관람하기, 운동-스포츠 직접하기, 관광-여행"
53373755,202211,M,50대,인천광역시,500이상700만원 미만,"스포츠 관람하기, 운동-스포츠 직접하기, 관광-여행, 오락-휴식, 사회교류","스포츠 관람하기, 운동-스포츠 직접하기, 관광-여행, 오락-휴식, 사회교류"
53328292,202211,F,40대,인천광역시,500이상700만원 미만,"문화예술 관람하기, 문화예술 직접하기, 스포츠 관람하기, 운동-스포츠 직접하기, 관광-여행, 오락-휴식, 자기계발-자기관리, 사회교류","문화예술 관람하기, 문화예술 직접하기, 스포츠 관람하기, 운동-스포츠 직접하기, 관광-여행, 오락-휴식, 자기계발-자기관리, 사회교류"
53360956,202211,F,40대,인천광역시,500이상700만원 미만,"운동-스포츠 직접하기, 관광-여행","운동-스포츠 직접하기, 관광-여행"
53366727,202211,F,40대,인천광역시,500이상700만원 미만,"스포츠 관람하기, 관광-여행, 오락-휴식, 자기계발-자기관리, 사회교류","스포츠 관람하기, 관광-여행, 오락-휴식, 자기계발-자기관리, 사회교류"
53362523,202211,F,40대,인천광역시,500이상700만원 미만,"문화예술 관람하기, 오락-휴식","문화예술 관람하기, 오락-휴식"
53330444,202211,F,50대,인천광역시,500이상700만원 미만,"문화예술 관람하기, 스포츠 관람하기, 운동-스포츠 직접하기, 관광-여행, 오락-휴식, 자기계발-자기관리, 사회교류","문화예술 관람하기, 스포츠 관람하기, 운동-스포츠 직접하기, 관광-여행, 오락-휴식, 자기계발-자기관리, 사회교류"
53377059,202211,F,50대,인천광역시,500이상700만원 미만,"문화예술 관람하기, 관광-여행, 오락-휴식, 사회교류","문화예술 관람하기, 스포츠 관람하기, 관광-여행, 오락-휴식, 사회교류"
53353445,202211,F,50대,인천광역시,500이상700만원 미만,"문화예술 관람하기, 관광-여행, 오락-휴식, 자기계발-자기관리","문화예술 관람하기, 관광-여행, 오락-휴식, 자기계발-자기관리"
53353353,202211,F,50대,인천광역시,500이상700만원 미만,사회교류,"운동-스포츠 직접하기, 사회교류"
53372173,202211,M,40대,인천광역시,500이상700만원 미만,"문화예술 관람하기, 관광-여행, 오락-휴식","문화예술 관람하기, 관광-여행, 오락-휴식"
53346415,202211,F,40대,인천광역시,500이상700만원 미만,"문화예술 관람하기, 운동-스포츠 직접하기, 관광-여행, 오락-휴식, 사회교류","문화예술 관람하기, 운동-스포츠 직접하기, 관광-여행, 오락-휴식, 사회교류"
53370336,202211,M,40대,인천광역시,500이상700만원 미만,"문화예술 관람하기, 스포츠 관람하기, 운동-스포츠 직접하기, 관광-여행, 오락-휴식, 자기계발-자기관리, 사회교류","문화예술 관람하기, 스포츠 관람하기, 운동-스포츠 직접하기, 관광-여행, 오락-휴식, 자기계발-자기관리, 사회교류"
53367358,202211,F,40대,인천광역시,500이상700만원 미만,"문화예술 관람하기, 운동-스포츠 직접하기, 관광-여행, 오락-휴식, 자기계발-자기관리, 사회교류","문화예술 관람하기, 운동-스포츠 직접하기, 관광-여행, 오락-휴식, 자기계발-자기관리, 사회교류"
53365954,202211,F,40대,인천광역시,500이상700만원 미만,"문화예술 관람하기, 스포츠 관람하기, 운동-스포츠 직접하기, 관광-여행, 오락-휴식, 자기계발-자기관리, 사회교류","문화예술 관람하기, 문화예술 직접하기, 스포츠 관람하기, 운동-스포츠 직접하기, 관광-여행, 오락-휴식, 자기계발-자기관리, 사회교류"
53327467,202211,M,30대,인천광역시,500이상700만원 미만,"관광-여행, 오락-휴식, 사회교류","문화예술 관람하기, 문화예술 직접하기, 운동-스포츠 직접하기, 관광-여행, 오락-휴식, 사회교류"
53330201,202211,M,30대,인천광역시,500이상700만원 미만,관광-여행,"스포츠 관람하기, 관광-여행"
53345764,202211,M,30대,인천광역시,500이상700만원 미만,"문화예술 관람하기, 스포츠 관람하기, 관광-여행, 오락-휴식","문화예술 관람하기, 스포츠 관람하기, 관광-여행, 오락-휴식"
53372594,202211,M,40대,인천광역시,500이상700만원 미만,"문화예술 관람하기, 스포츠 관람하기, 오락-휴식, 자기계발-자기관리","문화예술 관람하기, 스포츠 관람하기, 오락-휴식, 자기계발-자기관리"
53341880,202211,M,40대,인천광역시,500이상700만원 미만,"스포츠 관람하기, 운동-스포츠 직접하기, 관광-여행, 오락-휴식","스포츠 관람하기, 운동-스포츠 직접하기, 관광-여행, 오락-휴식"
53353682,202211,M,40대,인천광역시,500이상700만원 미만,"문화예술 관람하기, 스포츠 관람하기, 운동-스포츠 직접하기, 오락-휴식, 자기계발-자기관리, 사회교류","문화예술 관람하기, 스포츠 관람하기, 운동-스포츠 직접하기, 관광-여행, 오락-휴식, 자기계발-자기관리, 사회교류"
53363161,202211,M,30대,인천광역시,500이상700만원 미만,"관광-여행, 오락-휴식","관광-여행, 오락-휴식"
53369220,202211,F,30대,인천광역시,500이상700만원 미만,"오락-휴식, 자기계발-자기관리","문화예술 관람하기, 관광-여행, 오락-휴식, 자기계발-자기관리"
53344440,202211,M,30대,인천광역시,500이상700만원 미만,"스포츠 관람하기, 관광-여행, 오락-휴식, 사회교류","문화예술 관람하기, 스포츠 관람하기, 관광-여행, 오락-휴식, 자기계발-자기관리, 사회교류"
53338160,202211,M,30대,인천광역시,500이상700만원 미만,"운동-스포츠 직접하기, 관광-여행, 오락-휴식, 자기계발-자기관리","운동-스포츠 직접하기, 관광-여행, 오락-휴식, 자기계발-자기관리"
53377223,202211,F,30대,인천광역시,500이상700만원 미만,"문화예술 관람하기, 스포츠 관람하기, 운동-스포츠 직접하기, 관광-여행, 오락-휴식, 자기계발-자기관리, 사회교류","문화예술 관람하기, 스포츠 관람하기, 운동-스포츠 직접하기, 관광-여행, 오락-휴식, 자기계발-자기관리, 사회교류"
53347256,202211,F,30대,인천광역시,500이상700만원 미만,관광-여행,관광-여행
53359152,202211,F,30대,인천광역시,500이상700만원 미만,"스포츠 관람하기, 관광-여행, 오락-휴식, 사회교류","스포츠 관람하기, 운동-스포츠 직접하기, 관광-여행, 오락-휴식, 사회교류"
53377215,202211,M,20대,인천광역시,500이상700만원 미만,운동-스포츠 직접하기,"문화예술 직접하기, 운동-스포츠 직접하기, 자기계발-자기관리"
53346569,202211,M,20대,인천광역시,500이상700만원 미만,"문화예술 관람하기, 스포츠 관람하기, 운동-스포츠 직접하기, 관광-여행, 오락-휴식, 자기계발-자기관리, 사회교류","문화예술 관람하기, 스포츠 관람하기, 운동-스포츠 직접하기, 관광-여행, 오락-휴식, 자기계발-자기관리, 사회교류"
53362338,202211,M,20대,인천광역시,500이상700만원 미만,"문화예술 관람하기, 운동-스포츠 직접하기, 관광-여행, 오락-휴식, 자기계발-자기관리, 사회교류","문화예술 관람하기, 스포츠 관람하기, 운동-스포츠 직접하기, 관광-여행, 오락-휴식, 자기계발-자기관리, 사회교류"
53367652,202211,M,20대,인천광역시,500이상700만원 미만,관광-여행,"문화예술 관람하기, 스포츠 관람하기, 관광-여행, 오락-휴식"
53336290,202211,F,30대,전라남도,500이상700만원 미만,"문화예술 관람하기, 운동-스포츠 직접하기, 관광-여행, 오락-휴식","문화예술 관람하기, 운동-스포츠 직접하기, 관광-여행, 오락-휴식"
53329641,202211,F,20대,전라남도,500이상700만원 미만,"문화예술 관람하기, 오락-휴식","문화예술 관람하기, 오락-휴식, 자기계발-자기관리"
53341483,202211,F,20대,전라남도,500이상700만원 미만,"문화예술 관람하기, 문화예술 직접하기, 스포츠 관람하기, 운동-스포츠 직접하기, 오락-휴식","문화예술 관람하기, 문화예술 직접하기, 스포츠 관람하기, 운동-스포츠 직접하기, 오락-휴식"
53344959,202211,F,20대,전라남도,500이상700만원 미만,"문화예술 관람하기, 자기계발-자기관리, 사회교류","문화예술 관람하기, 자기계발-자기관리, 사회교류"
53327481,202211,M,20대,전라남도,500이상700만원 미만,"운동-스포츠 직접하기, 관광-여행, 오락-휴식, 자기계발-자기관리","운동-스포츠 직접하기, 관광-여행, 오락-휴식, 자기계발-자기관리"
53342698,202211,F,30대,전라남도,500이상700만원 미만,"스포츠 관람하기, 관광-여행, 오락-휴식","스포츠 관람하기, 관광-여행, 오락-휴식"
53343080,202211,M,40대,전라남도,500이상700만원 미만,오락-휴식,"관광-여행, 오락-휴식"
53362224,202211,F,40대,전라남도,500이상700만원 미만,"운동-스포츠 직접하기, 오락-휴식, 사회교류","운동-스포츠 직접하기, 관광-여행, 오락-휴식, 자기계발-자기관리, 사회교류"
53348262,202211,F,50대,전라남도,500이상700만원 미만,"문화예술 관람하기, 관광-여행, 오락-휴식, 자기계발-자기관리, 사회교류","문화예술 관람하기, 관광-여행, 오락-휴식, 자기계발-자기관리, 사회교류"
53357550,202211,M,50대,전라남도,500이상700만원 미만,"문화예술 관람하기, 운동-스포츠 직접하기, 관광-여행, 오락-휴식","문화예술 관람하기, 운동-스포츠 직접하기, 관광-여행, 오락-휴식"
53342422,202211,M,60대,전라남도,500이상700만원 미만,"운동-스포츠 직접하기, 관광-여행, 오락-휴식, 사회교류","운동-스포츠 직접하기, 관광-여행, 오락-휴식, 사회교류"
53350313,202211,F,60대,전라남도,500이상700만원 미만,"문화예술 직접하기, 스포츠 관람하기, 운동-스포츠 직접하기, 관광-여행, 오락-휴식, 자기계발-자기관리, 사회교류","문화예술 직접하기, 스포츠 관람하기, 운동-스포츠 직접하기, 관광-여행, 오락-휴식, 자기계발-자기관리, 사회교류"
53340393,202211,F,60대,전라남도,500이상700만원 미만,"운동-스포츠 직접하기, 관광-여행, 오락-휴식, 사회교류","운동-스포츠 직접하기, 관광-여행, 오락-휴식, 사회교류"
53361846,202211,F,50대,전라북도,500이상700만원 미만,"운동-스포츠 직접하기, 관광-여행, 자기계발-자기관리","운동-스포츠 직접하기, 관광-여행, 자기계발-자기관리"
53333449,202211,M,50대,전라북도,500이상700만원 미만,"문화예술 관람하기, 운동-스포츠 직접하기, 관광-여행, 오락-휴식, 사회교류","문화예술 관람하기, 운동-스포츠 직접하기, 관광-여행, 오락-휴식, 사회교류"
53362640,202211,F,60대,전라북도,500이상700만원 미만,"운동-스포츠 직접하기, 관광-여행, 오락-휴식, 사회교류","문화예술 직접하기, 운동-스포츠 직접하기, 관광-여행, 오락-휴식, 사회교류"
53371670,202211,F,60대,전라북도,500이상700만원 미만,"문화예술 직접하기, 관광-여행, 사회교류","문화예술 직접하기, 관광-여행, 사회교류"
53326656,202211,M,60대,전라북도,500이상700만원 미만,"운동-스포츠 직접하기, 관광-여행","스포츠 관람하기, 운동-스포츠 직접하기, 관광-여행"
53360885,202211,M,50대,전라북도,500이상700만원 미만,"운동-스포츠 직접하기, 관광-여행, 오락-휴식","문화예술 관람하기, 운동-스포츠 직접하기, 관광-여행, 오락-휴식"
53351332,202211,F,40대,전라북도,500이상700만원 미만,"문화예술 직접하기, 운동-스포츠 직접하기, 관광-여행, 사회교류","문화예술 관람하기, 문화예술 직접하기, 스포츠 관람하기, 운동-스포츠 직접하기, 관광-여행, 사회교류"
53335908,202211,M,30대,전라북도,500이상700만원 미만,"운동-스포츠 직접하기, 오락-휴식, 자기계발-자기관리, 사회교류","문화예술 관람하기, 운동-스포츠 직접하기, 관광-여행, 오락-휴식, 자기계발-자기관리, 사회교류"
53352936,202211,F,30대,전라북도,500이상700만원 미만,사회교류,"문화예술 관람하기, 오락-휴식, 사회교류"
53364942,202211,F,30대,전라북도,500이상700만원 미만,"스포츠 관람하기, 운동-스포츠 직접하기, 관광-여행, 오락-휴식","스포츠 관람하기, 운동-스포츠 직접하기, 관광-여행, 오락-휴식"
53357176,202211,F,30대,전라북도,500이상700만원 미만,"운동-스포츠 직접하기, 오락-휴식, 자기계발-자기관리, 사회교류","운동-스포츠 직접하기, 관광-여행, 오락-휴식, 자기계발-자기관리, 사회교류"
53358339,202211,F,30대,전라북도,500이상700만원 미만,관광-여행,관광-여행
53367149,202211,F,30대,전라북도,500이상700만원 미만,"문화예술 관람하기, 문화예술 직접하기, 스포츠 관람하기, 운동-스포츠 직접하기, 관광-여행, 오락-휴식, 자기계발-자기관리, 사회교류","문화예술 관람하기, 문화예술 직접하기, 스포츠 관람하기, 운동-스포츠 직접하기, 관광-여행, 오락-휴식, 자기계발-자기관리, 사회교류"
53361775,202211,M,20대,전라북도,500이상700만원 미만,"문화예술 관람하기, 운동-스포츠 직접하기, 오락-휴식, 자기계발-자기관리, 사회교류","문화예술 관람하기, 운동-스포츠 직접하기, 오락-휴식, 자기계발-자기관리, 사회교류"
53376020,202211,M,20대,전라북도,500이상700만원 미만,"문화예술 관람하기, 스포츠 관람하기, 운동-스포츠 직접하기, 관광-여행, 오락-휴식, 자기계발-자기관리, 사회교류","문화예술 관람하기, 스포츠 관람하기, 운동-스포츠 직접하기, 관광-여행, 오락-휴식, 자기계발-자기관리, 사회교류"
53329566,202211,F,20대,전라북도,500이상700만원 미만,"문화예술 관람하기, 문화예술 직접하기, 운동-스포츠 직접하기, 관광-여행, 오락-휴식, 자기계발-자기관리, 사회교류","문화예술 관람하기, 문화예술 직접하기, 스포츠 관람하기, 운동-스포츠 직접하기, 관광-여행, 오락-휴식, 자기계발-자기관리, 사회교류"
53354760,202211,F,20대,전라북도,500이상700만원 미만,"문화예술 관람하기, 스포츠 관람하기, 관광-여행, 오락-휴식, 자기계발-자기관리","문화예술 관람하기, 스포츠 관람하기, 관광-여행, 오락-휴식, 자기계발-자기관리"
53351989,202211,M,40대,제주특별자치도,500이상700만원 미만,자기계발-자기관리,"스포츠 관람하기, 자기계발-자기관리"
53336140,202211,M,40대,제주특별자치도,500이상700만원 미만,오락-휴식,"스포츠 관람하기, 운동-스포츠 직접하기, 오락-휴식"
53331264,202211,M,20대,전라북도,500이상700만원 미만,"문화예술 직접하기, 스포츠 관람하기, 운동-스포츠 직접하기, 관광-여행, 오락-휴식, 자기계발-자기관리, 사회교류","문화예술 관람하기, 문화예술 직접하기, 스포츠 관람하기, 운동-스포츠 직접하기, 관광-여행, 오락-휴식, 자기계발-자기관리, 사회교류"
53372303,202211,M,40대,제주특별자치도,500이상700만원 미만,운동-스포츠 직접하기,"문화예술 관람하기, 운동-스포츠 직접하기, 오락-휴식"
53335945,202211,F,50대,제주특별자치도,500이상700만원 미만,"문화예술 관람하기, 운동-스포츠 직접하기, 오락-휴식","문화예술 관람하기, 운동-스포츠 직접하기, 오락-휴식"
53332402,202211,M,50대,제주특별자치도,500이상700만원 미만,"문화예술 관람하기, 운동-스포츠 직접하기, 오락-휴식, 자기계발-자기관리","문화예술 관람하기, 운동-스포츠 직접하기, 오락-휴식, 자기계발-자기관리"
53354264,202211,M,50대,제주특별자치도,500이상700만원 미만,"스포츠 관람하기, 관광-여행","스포츠 관람하기, 관광-여행"
53332782,202211,F,60대,충청남도,500이상700만원 미만,"문화예술 관람하기, 운동-스포츠 직접하기, 관광-여행, 오락-휴식, 자기계발-자기관리, 사회교류","문화예술 관람하기, 문화예술 직접하기, 스포츠 관람하기, 운동-스포츠 직접하기, 관광-여행, 오락-휴식, 자기계발-자기관리, 사회교류"
53349659,202211,M,60대,충청남도,500이상700만원 미만,"문화예술 관람하기, 스포츠 관람하기, 관광-여행, 오락-휴식","문화예술 관람하기, 스포츠 관람하기, 운동-스포츠 직접하기, 관광-여행, 오락-휴식"
53332187,202211,F,60대,충청남도,500이상700만원 미만,"문화예술 관람하기, 운동-스포츠 직접하기, 오락-휴식, 사회교류","문화예술 관람하기, 운동-스포츠 직접하기, 오락-휴식, 사회교류"
53343878,202211,M,50대,충청남도,500이상700만원 미만,관광-여행,관광-여행
53354543,202211,M,50대,충청남도,500이상700만원 미만,"운동-스포츠 직접하기, 관광-여행, 오락-휴식, 사회교류","문화예술 관람하기, 운동-스포츠 직접하기, 관광-여행, 오락-휴식, 사회교류"
53355643,202211,M,50대,충청남도,500이상700만원 미만,"스포츠 관람하기, 운동-스포츠 직접하기, 관광-여행, 오락-휴식","스포츠 관람하기, 운동-스포츠 직접하기, 관광-여행, 오락-휴식"
53325448,202211,F,50대,충청남도,500이상700만원 미만,"문화예술 관람하기, 스포츠 관람하기, 자기계발-자기관리","문화예술 관람하기, 스포츠 관람하기, 자기계발-자기관리"
53366689,202211,F,50대,충청남도,500이상700만원 미만,"문화예술 관람하기, 운동-스포츠 직접하기, 관광-여행, 오락-휴식","문화예술 관람하기, 운동-스포츠 직접하기, 관광-여행, 오락-휴식"
53339250,202211,F,40대,충청남도,500이상700만원 미만,"문화예술 관람하기, 스포츠 관람하기, 관광-여행, 자기계발-자기관리","문화예술 관람하기, 스포츠 관람하기, 관광-여행, 자기계발-자기관리"
53326336,202211,F,40대,충청남도,500이상700만원 미만,"문화예술 직접하기, 운동-스포츠 직접하기, 관광-여행, 오락-휴식, 자기계발-자기관리, 사회교류","문화예술 직접하기, 운동-스포츠 직접하기, 관광-여행, 오락-휴식, 자기계발-자기관리, 사회교류"
53342082,202211,F,40대,충청남도,500이상700만원 미만,"문화예술 관람하기, 운동-스포츠 직접하기, 관광-여행, 오락-휴식, 자기계발-자기관리, 사회교류","문화예술 관람하기, 문화예술 직접하기, 스포츠 관람하기, 운동-스포츠 직접하기, 관광-여행, 오락-휴식, 자기계발-자기관리, 사회교류"
53357226,202211,F,40대,충청남도,500이상700만원 미만,"스포츠 관람하기, 운동-스포츠 직접하기, 관광-여행, 오락-휴식, 자기계발-자기관리, 사회교류","스포츠 관람하기, 운동-스포츠 직접하기, 관광-여행, 오락-휴식, 자기계발-자기관리, 사회교류"
53364969,202211,M,40대,충청남도,500이상700만원 미만,"문화예술 관람하기, 관광-여행, 오락-휴식, 사회교류","문화예술 관람하기, 관광-여행, 오락-휴식, 사회교류"
53367877,202211,M,40대,충청남도,500이상700만원 미만,"문화예술 관람하기, 스포츠 관람하기, 관광-여행, 오락-휴식, 사회교류","문화예술 관람하기, 스포츠 관람하기, 관광-여행, 오락-휴식, 사회교류"
53354395,202211,M,40대,충청남도,500이상700만원 미만,"운동-스포츠 직접하기, 사회교류","운동-스포츠 직접하기, 사회교류"
53363664,202211,M,30대,충청남도,500이상700만원 미만,"스포츠 관람하기, 관광-여행","스포츠 관람하기, 관광-여행"
53353038,202211,M,30대,충청남도,500이상700만원 미만,"문화예술 관람하기, 스포츠 관람하기, 운동-스포츠 직접하기, 관광-여행","문화예술 관람하기, 스포츠 관람하기, 운동-스포츠 직접하기, 관광-여행"
53343117,202211,F,30대,충청남도,500이상700만원 미만,"문화예술 관람하기, 관광-여행","문화예술 관람하기, 관광-여행"
53327065,202211,F,30대,충청남도,500이상700만원 미만,"문화예술 관람하기, 문화예술 직접하기, 운동-스포츠 직접하기, 관광-여행, 오락-휴식, 자기계발-자기관리, 사회교류","문화예술 관람하기, 문화예술 직접하기, 운동-스포츠 직접하기, 관광-여행, 오락-휴식, 자기계발-자기관리, 사회교류"
53363357,202211,M,30대,충청남도,500이상700만원 미만,"운동-스포츠 직접하기, 자기계발-자기관리","운동-스포츠 직접하기, 자기계발-자기관리"
53339611,202211,F,30대,충청남도,500이상700만원 미만,"관광-여행, 오락-휴식, 자기계발-자기관리","관광-여행, 오락-휴식, 자기계발-자기관리"
53327421,202211,M,20대,충청남도,500이상700만원 미만,"운동-스포츠 직접하기, 오락-휴식, 사회교류","운동-스포츠 직접하기, 관광-여행, 오락-휴식, 사회교류"
53343828,202211,M,20대,충청남도,500이상700만원 미만,"문화예술 관람하기, 운동-스포츠 직접하기, 관광-여행, 오락-휴식, 자기계발-자기관리, 사회교류","문화예술 관람하기, 운동-스포츠 직접하기, 관광-여행, 오락-휴식, 자기계발-자기관리, 사회교류"
53359983,202211,F,20대,충청남도,500이상700만원 미만,"오락-휴식, 사회교류","문화예술 직접하기, 오락-휴식, 자기계발-자기관리, 사회교류"
53337535,202211,M,20대,충청북도,500이상700만원 미만,사회교류,"스포츠 관람하기, 사회교류"
53366473,202211,M,20대,충청북도,500이상700만원 미만,"문화예술 관람하기, 운동-스포츠 직접하기, 관광-여행, 오락-휴식","문화예술 관람하기, 운동-스포츠 직접하기, 관광-여행, 오락-휴식"
53323903,202211,F,30대,충청북도,500이상700만원 미만,"문화예술 관람하기, 문화예술 직접하기, 운동-스포츠 직접하기, 관광-여행, 오락-휴식, 자기계발-자기관리, 사회교류","문화예술 관람하기, 문화예술 직접하기, 운동-스포츠 직접하기, 관광-여행, 오락-휴식, 자기계발-자기관리, 사회교류"
53342151,202211,F,30대,충청북도,500이상700만원 미만,"문화예술 관람하기, 운동-스포츠 직접하기, 관광-여행, 오락-휴식","문화예술 관람하기, 운동-스포츠 직접하기, 관광-여행, 오락-휴식"
53326954,202211,F,30대,충청북도,500이상700만원 미만,"문화예술 관람하기, 관광-여행, 오락-휴식, 자기계발-자기관리","문화예술 관람하기, 관광-여행, 오락-휴식, 자기계발-자기관리"
53372483,202211,F,30대,충청북도,500이상700만원 미만,"관광-여행, 오락-휴식, 자기계발-자기관리, 사회교류","문화예술 직접하기, 운동-스포츠 직접하기, 관광-여행, 오락-휴식, 자기계발-자기관리, 사회교류"
53333331,202211,M,30대,충청북도,500이상700만원 미만,"문화예술 관람하기, 스포츠 관람하기, 운동-스포츠 직접하기, 관광-여행, 오락-휴식, 사회교류","문화예술 관람하기, 스포츠 관람하기, 운동-스포츠 직접하기, 관광-여행, 오락-휴식, 사회교류"
53343013,202211,F,40대,충청북도,500이상700만원 미만,오락-휴식,오락-휴식
53336912,202211,F,50대,충청북도,500이상700만원 미만,"문화예술 관람하기, 관광-여행, 오락-휴식, 자기계발-자기관리, 사회교류","문화예술 관람하기, 관광-여행, 오락-휴식, 자기계발-자기관리, 사회교류"
53337708,202211,F,50대,충청북도,500이상700만원 미만,"문화예술 관람하기, 운동-스포츠 직접하기, 관광-여행, 오락-휴식, 자기계발-자기관리, 사회교류","문화예술 관람하기, 운동-스포츠 직접하기, 관광-여행, 오락-휴식, 자기계발-자기관리, 사회교류"
53354671,202211,F,50대,충청북도,500이상700만원 미만,"관광-여행, 오락-휴식, 사회교류","관광-여행, 오락-휴식, 사회교류"
53370114,202211,M,50대,충청북도,500이상700만원 미만,"문화예술 관람하기, 스포츠 관람하기, 운동-스포츠 직접하기, 관광-여행, 오락-휴식, 사회교류","문화예술 관람하기, 스포츠 관람하기, 운동-스포츠 직접하기, 관광-여행, 오락-휴식, 사회교류"
53338751,202211,M,50대,충청북도,500이상700만원 미만,"문화예술 관람하기, 문화예술 직접하기, 스포츠 관람하기, 운동-스포츠 직접하기, 관광-여행, 오락-휴식, 자기계발-자기관리, 사회교류","문화예술 관람하기, 문화예술 직접하기, 스포츠 관람하기, 운동-스포츠 직접하기, 관광-여행, 오락-휴식, 자기계발-자기관리, 사회교류"
53351125,202211,F,60대,충청북도,500이상700만원 미만,"운동-스포츠 직접하기, 사회교류","운동-스포츠 직접하기, 사회교류"
53335142,202211,M,60대,충청북도,500이상700만원 미만,관광-여행,"문화예술 직접하기, 스포츠 관람하기, 관광-여행"
53349368,202211,F,60대,충청북도,500이상700만원 미만,"운동-스포츠 직접하기, 오락-휴식","문화예술 관람하기, 운동-스포츠 직접하기, 관광-여행, 오락-휴식, 자기계발-자기관리"
53356777,202211,F,60대,충청북도,500이상700만원 미만,"운동-스포츠 직접하기, 자기계발-자기관리, 사회교류","문화예술 관람하기, 운동-스포츠 직접하기, 자기계발-자기관리, 사회교류"
53330790,202211,F,60대,충청북도,500이상700만원 미만,"문화예술 관람하기, 문화예술 직접하기, 스포츠 관람하기, 운동-스포츠 직접하기, 관광-여행, 오락-휴식, 자기계발-자기관리, 사회교류","문화예술 관람하기, 문화예술 직접하기, 스포츠 관람하기, 운동-스포츠 직접하기, 관광-여행, 오락-휴식, 자기계발-자기관리, 사회교류"
53350565,202211,F,60대,경기도,500이상700만원 미만,"문화예술 관람하기, 스포츠 관람하기, 운동-스포츠 직접하기, 관광-여행, 오락-휴식, 자기계발-자기관리, 사회교류","문화예술 관람하기, 스포츠 관람하기, 운동-스포츠 직접하기, 관광-여행, 오락-휴식, 자기계발-자기관리, 사회교류"
53350731,202211,F,60대,경기도,500이상700만원 미만,"문화예술 관람하기, 관광-여행, 오락-휴식","문화예술 관람하기, 관광-여행, 오락-휴식"
53364523,202211,F,60대,경기도,500이상700만원 미만,"문화예술 관람하기, 스포츠 관람하기, 운동-스포츠 직접하기, 관광-여행, 오락-휴식, 자기계발-자기관리, 사회교류","문화예술 관람하기, 문화예술 직접하기, 스포츠 관람하기, 운동-스포츠 직접하기, 관광-여행, 오락-휴식, 자기계발-자기관리, 사회교류"
53350646,202211,F,60대,경기도,500이상700만원 미만,"문화예술 직접하기, 운동-스포츠 직접하기, 사회교류","문화예술 직접하기, 운동-스포츠 직접하기, 자기계발-자기관리, 사회교류"
53351398,202211,F,60대,경기도,500이상700만원 미만,"문화예술 관람하기, 문화예술 직접하기, 스포츠 관람하기, 운동-스포츠 직접하기, 관광-여행, 오락-휴식, 자기계발-자기관리, 사회교류","문화예술 관람하기, 문화예술 직접하기, 스포츠 관람하기, 운동-스포츠 직접하기, 관광-여행, 오락-휴식, 자기계발-자기관리, 사회교류"
53332549,202211,F,60대,경기도,500이상700만원 미만,"문화예술 관람하기, 문화예술 직접하기, 스포츠 관람하기, 관광-여행, 오락-휴식, 자기계발-자기관리, 사회교류","문화예술 관람하기, 문화예술 직접하기, 스포츠 관람하기, 관광-여행, 오락-휴식, 자기계발-자기관리, 사회교류"
53351034,202211,F,60대,충청북도,500이상700만원 미만,"문화예술 관람하기, 문화예술 직접하기, 운동-스포츠 직접하기, 관광-여행, 오락-휴식, 자기계발-자기관리, 사회교류","문화예술 관람하기, 문화예술 직접하기, 운동-스포츠 직접하기, 관광-여행, 오락-휴식, 자기계발-자기관리, 사회교류"
53329955,202211,F,60대,경기도,500이상700만원 미만,"문화예술 관람하기, 운동-스포츠 직접하기, 관광-여행, 오락-휴식, 사회교류","문화예술 관람하기, 운동-스포츠 직접하기, 관광-여행, 오락-휴식, 자기계발-자기관리, 사회교류"
53333513,202211,F,60대,경기도,500이상700만원 미만,사회교류,"스포츠 관람하기, 사회교류"
53345987,202211,F,60대,경기도,500이상700만원 미만,"문화예술 관람하기, 스포츠 관람하기, 관광-여행, 오락-휴식, 사회교류","문화예술 관람하기, 스포츠 관람하기, 관광-여행, 오락-휴식, 사회교류"
53365147,202211,M,60대,경기도,500이상700만원 미만,"스포츠 관람하기, 운동-스포츠 직접하기, 관광-여행, 오락-휴식, 사회교류","문화예술 직접하기, 스포츠 관람하기, 운동-스포츠 직접하기, 관광-여행, 오락-휴식, 사회교류"
53359942,202211,F,60대,경기도,500이상700만원 미만,"운동-스포츠 직접하기, 관광-여행, 오락-휴식","운동-스포츠 직접하기, 관광-여행, 오락-휴식"
53359747,202211,F,60대,경기도,500이상700만원 미만,"문화예술 직접하기, 운동-스포츠 직접하기, 관광-여행, 오락-휴식, 자기계발-자기관리, 사회교류","문화예술 직접하기, 스포츠 관람하기, 운동-스포츠 직접하기, 관광-여행, 오락-휴식, 자기계발-자기관리, 사회교류"
53341556,202211,F,60대,경기도,500이상700만원 미만,"문화예술 관람하기, 문화예술 직접하기, 스포츠 관람하기, 운동-스포츠 직접하기, 관광-여행, 오락-휴식, 자기계발-자기관리, 사회교류","문화예술 관람하기, 문화예술 직접하기, 스포츠 관람하기, 운동-스포츠 직접하기, 관광-여행, 오락-휴식, 자기계발-자기관리, 사회교류"
53339543,202211,F,60대,경기도,500이상700만원 미만,"문화예술 관람하기, 스포츠 관람하기, 운동-스포츠 직접하기, 관광-여행, 오락-휴식, 사회교류","문화예술 관람하기, 스포츠 관람하기, 운동-스포츠 직접하기, 관광-여행, 오락-휴식, 사회교류"
53329086,202211,M,50대,경기도,500이상700만원 미만,"문화예술 직접하기, 관광-여행, 오락-휴식, 자기계발-자기관리, 사회교류","문화예술 직접하기, 관광-여행, 오락-휴식, 자기계발-자기관리, 사회교류"
53371309,202211,M,50대,경기도,500이상700만원 미만,"문화예술 관람하기, 스포츠 관람하기, 운동-스포츠 직접하기, 관광-여행, 오락-휴식, 자기계발-자기관리, 사회교류","문화예술 관람하기, 스포츠 관람하기, 운동-스포츠 직접하기, 관광-여행, 오락-휴식, 자기계발-자기관리, 사회교류"
53364076,202211,M,60대,경기도,500이상700만원 미만,"운동-스포츠 직접하기, 사회교류","운동-스포츠 직접하기, 사회교류"
53376856,202211,M,50대,경기도,500이상700만원 미만,"문화예술 관람하기, 스포츠 관람하기, 관광-여행, 오락-휴식, 자기계발-자기관리, 사회교류","문화예술 관람하기, 스포츠 관람하기, 관광-여행, 오락-휴식, 자기계발-자기관리, 사회교류"
53365411,202211,M,50대,경기도,500이상700만원 미만,"운동-스포츠 직접하기, 관광-여행","운동-스포츠 직접하기, 관광-여행"
53359118,202211,M,60대,경기도,500이상700만원 미만,"스포츠 관람하기, 운동-스포츠 직접하기, 오락-휴식, 사회교류","스포츠 관람하기, 운동-스포츠 직접하기, 오락-휴식, 자기계발-자기관리, 사회교류"
53352402,202211,M,60대,경기도,500이상700만원 미만,"문화예술 관람하기, 운동-스포츠 직접하기, 오락-휴식, 사회교류","문화예술 관람하기, 운동-스포츠 직접하기, 오락-휴식, 사회교류"
53343937,202211,M,50대,경기도,500이상700만원 미만,"문화예술 관람하기, 스포츠 관람하기, 관광-여행","문화예술 관람하기, 스포츠 관람하기, 관광-여행"
53354850,202211,M,50대,경기도,500이상700만원 미만,"스포츠 관람하기, 운동-스포츠 직접하기, 관광-여행, 오락-휴식","스포츠 관람하기, 운동-스포츠 직접하기, 관광-여행, 오락-휴식"
53335919,202211,M,60대,경기도,500이상700만원 미만,"문화예술 관람하기, 스포츠 관람하기, 운동-스포츠 직접하기, 관광-여행, 오락-휴식, 자기계발-자기관리, 사회교류","문화예술 관람하기, 스포츠 관람하기, 운동-스포츠 직접하기, 관광-여행, 오락-휴식, 자기계발-자기관리, 사회교류"
53375142,202211,M,60대,경기도,500이상700만원 미만,"운동-스포츠 직접하기, 오락-휴식","운동-스포츠 직접하기, 관광-여행, 오락-휴식"
53331432,202211,M,60대,경기도,500이상700만원 미만,"문화예술 관람하기, 스포츠 관람하기, 운동-스포츠 직접하기, 관광-여행, 오락-휴식, 사회교류","문화예술 관람하기, 스포츠 관람하기, 운동-스포츠 직접하기, 관광-여행, 오락-휴식, 사회교류"
53365220,202211,M,60대,경기도,500이상700만원 미만,"문화예술 관람하기, 스포츠 관람하기, 운동-스포츠 직접하기, 오락-휴식, 사회교류","문화예술 관람하기, 스포츠 관람하기, 운동-스포츠 직접하기, 관광-여행, 오락-휴식, 사회교류"
53338411,202211,F,50대,경기도,500이상700만원 미만,"스포츠 관람하기, 오락-휴식, 자기계발-자기관리, 사회교류","스포츠 관람하기, 오락-휴식, 자기계발-자기관리, 사회교류"
53361755,202211,F,50대,경기도,500이상700만원 미만,"운동-스포츠 직접하기, 오락-휴식, 자기계발-자기관리, 사회교류","문화예술 직접하기, 운동-스포츠 직접하기, 오락-휴식, 자기계발-자기관리, 사회교류"
53342561,202211,F,50대,경기도,500이상700만원 미만,"문화예술 관람하기, 운동-스포츠 직접하기, 관광-여행, 오락-휴식, 사회교류","문화예술 관람하기, 운동-스포츠 직접하기, 관광-여행, 오락-휴식, 사회교류"
53349960,202211,F,50대,경기도,500이상700만원 미만,"스포츠 관람하기, 관광-여행, 오락-휴식","스포츠 관람하기, 관광-여행, 오락-휴식"
53341804,202211,F,50대,경기도,500이상700만원 미만,"운동-스포츠 직접하기, 관광-여행, 오락-휴식, 사회교류","운동-스포츠 직접하기, 관광-여행, 오락-휴식, 사회교류"
53357043,202211,M,50대,경기도,500이상700만원 미만,"운동-스포츠 직접하기, 관광-여행, 오락-휴식","운동-스포츠 직접하기, 관광-여행, 오락-휴식, 자기계발-자기관리"
53364291,202211,M,50대,경기도,500이상700만원 미만,"문화예술 관람하기, 스포츠 관람하기, 운동-스포츠 직접하기, 관광-여행, 오락-휴식","문화예술 관람하기, 스포츠 관람하기, 운동-스포츠 직접하기, 관광-여행, 오락-휴식"
53360645,202211,M,50대,경기도,500이상700만원 미만,"문화예술 관람하기, 스포츠 관람하기, 관광-여행, 오락-휴식, 사회교류","문화예술 관람하기, 스포츠 관람하기, 관광-여행, 오락-휴식, 자기계발-자기관리, 사회교류"
53366194,202211,F,50대,경기도,500이상700만원 미만,"운동-스포츠 직접하기, 관광-여행, 오락-휴식, 자기계발-자기관리, 사회교류","운동-스포츠 직접하기, 관광-여행, 오락-휴식, 자기계발-자기관리, 사회교류"
53355097,202211,M,50대,경기도,500이상700만원 미만,"문화예술 관람하기, 스포츠 관람하기, 운동-스포츠 직접하기, 관광-여행, 오락-휴식, 자기계발-자기관리, 사회교류","문화예술 관람하기, 스포츠 관람하기, 운동-스포츠 직접하기, 관광-여행, 오락-휴식, 자기계발-자기관리, 사회교류"
53330334,202211,M,50대,경기도,500이상700만원 미만,"운동-스포츠 직접하기, 오락-휴식, 자기계발-자기관리, 사회교류","운동-스포츠 직접하기, 관광-여행, 오락-휴식, 자기계발-자기관리, 사회교류"
53335279,202211,M,50대,경기도,500이상700만원 미만,"운동-스포츠 직접하기, 관광-여행, 자기계발-자기관리","문화예술 관람하기, 운동-스포츠 직접하기, 관광-여행, 자기계발-자기관리"
53373777,202211,M,50대,경기도,500이상700만원 미만,오락-휴식,"스포츠 관람하기, 오락-휴식"
53329331,202211,M,50대,경기도,500이상700만원 미만,"운동-스포츠 직접하기, 관광-여행, 오락-휴식, 자기계발-자기관리, 사회교류","운동-스포츠 직접하기, 관광-여행, 오락-휴식, 자기계발-자기관리, 사회교류"
53328650,202211,M,50대,경기도,500이상700만원 미만,"운동-스포츠 직접하기, 자기계발-자기관리","운동-스포츠 직접하기, 자기계발-자기관리"
53348625,202211,M,50대,경기도,500이상700만원 미만,"문화예술 관람하기, 운동-스포츠 직접하기, 관광-여행, 오락-휴식","문화예술 관람하기, 스포츠 관람하기, 운동-스포츠 직접하기, 관광-여행, 오락-휴식"
53368427,202211,M,50대,경기도,500이상700만원 미만,"문화예술 관람하기, 스포츠 관람하기, 관광-여행, 오락-휴식, 자기계발-자기관리","문화예술 관람하기, 스포츠 관람하기, 관광-여행, 오락-휴식, 자기계발-자기관리"
53359050,202211,M,50대,경기도,500이상700만원 미만,관광-여행,"문화예술 직접하기, 관광-여행"
53331312,202211,M,50대,경기도,500이상700만원 미만,"운동-스포츠 직접하기, 관광-여행, 오락-휴식, 사회교류","문화예술 직접하기, 운동-스포츠 직접하기, 관광-여행, 오락-휴식, 사회교류"
53362428,202211,F,50대,경기도,500이상700만원 미만,"문화예술 관람하기, 관광-여행, 오락-휴식, 자기계발-자기관리, 사회교류","문화예술 관람하기, 관광-여행, 오락-휴식, 자기계발-자기관리, 사회교류"
53344365,202211,M,50대,경기도,500이상700만원 미만,"문화예술 관람하기, 운동-스포츠 직접하기, 관광-여행, 오락-휴식, 자기계발-자기관리, 사회교류","문화예술 관람하기, 운동-스포츠 직접하기, 관광-여행, 오락-휴식, 자기계발-자기관리, 사회교류"
53328533,202211,F,50대,경기도,500이상700만원 미만,"문화예술 관람하기, 운동-스포츠 직접하기, 관광-여행, 오락-휴식, 자기계발-자기관리","문화예술 관람하기, 문화예술 직접하기, 스포츠 관람하기, 운동-스포츠 직접하기, 관광-여행, 오락-휴식, 자기계발-자기관리, 사회교류"
53357186,202211,F,50대,경기도,500이상700만원 미만,"문화예술 관람하기, 운동-스포츠 직접하기, 관광-여행, 오락-휴식","문화예술 관람하기, 운동-스포츠 직접하기, 관광-여행, 오락-휴식, 자기계발-자기관리"
53329738,202211,F,50대,경기도,500이상700만원 미만,"문화예술 관람하기, 오락-휴식, 자기계발-자기관리, 사회교류","문화예술 관람하기, 문화예술 직접하기, 스포츠 관람하기, 관광-여행, 오락-휴식, 자기계발-자기관리, 사회교류"
53340534,202211,F,50대,경기도,500이상700만원 미만,"관광-여행, 오락-휴식, 자기계발-자기관리, 사회교류","관광-여행, 오락-휴식, 자기계발-자기관리, 사회교류"
53350423,202211,F,50대,경기도,500이상700만원 미만,"관광-여행, 오락-휴식, 사회교류","관광-여행, 오락-휴식, 사회교류"
53357050,202211,F,50대,경기도,500이상700만원 미만,"운동-스포츠 직접하기, 관광-여행, 오락-휴식, 사회교류","운동-스포츠 직접하기, 관광-여행, 오락-휴식, 사회교류"
53365332,202211,F,50대,경기도,500이상700만원 미만,"문화예술 관람하기, 운동-스포츠 직접하기, 관광-여행, 오락-휴식, 자기계발-자기관리, 사회교류","문화예술 관람하기, 운동-스포츠 직접하기, 관광-여행, 오락-휴식, 자기계발-자기관리, 사회교류"
53332826,202211,F,50대,경기도,500이상700만원 미만,"문화예술 관람하기, 운동-스포츠 직접하기, 관광-여행, 오락-휴식, 자기계발-자기관리, 사회교류","문화예술 관람하기, 운동-스포츠 직접하기, 관광-여행, 오락-휴식, 자기계발-자기관리, 사회교류"
53345638,202211,F,50대,경기도,500이상700만원 미만,"문화예술 관람하기, 운동-스포츠 직접하기, 관광-여행, 오락-휴식, 사회교류","문화예술 관람하기, 운동-스포츠 직접하기, 관광-여행, 오락-휴식, 사회교류"
53342966,202211,F,50대,경기도,500이상700만원 미만,"문화예술 관람하기, 문화예술 직접하기, 스포츠 관람하기, 운동-스포츠 직접하기, 관광-여행, 오락-휴식, 자기계발-자기관리, 사회교류","문화예술 관람하기, 문화예술 직접하기, 스포츠 관람하기, 운동-스포츠 직접하기, 관광-여행, 오락-휴식, 자기계발-자기관리, 사회교류"
53354005,202211,F,40대,경기도,500이상700만원 미만,"문화예술 관람하기, 운동-스포츠 직접하기, 관광-여행, 오락-휴식, 자기계발-자기관리, 사회교류","문화예술 관람하기, 운동-스포츠 직접하기, 관광-여행, 오락-휴식, 자기계발-자기관리, 사회교류"
53343278,202211,F,40대,경기도,500이상700만원 미만,"문화예술 관람하기, 관광-여행, 오락-휴식","문화예술 관람하기, 운동-스포츠 직접하기, 관광-여행, 오락-휴식, 자기계발-자기관리"
53328041,202211,F,50대,경기도,500이상700만원 미만,"문화예술 관람하기, 관광-여행, 오락-휴식","문화예술 관람하기, 관광-여행, 오락-휴식"
53335165,202211,F,40대,경기도,500이상700만원 미만,"문화예술 관람하기, 오락-휴식, 자기계발-자기관리, 사회교류","문화예술 관람하기, 문화예술 직접하기, 관광-여행, 오락-휴식, 자기계발-자기관리, 사회교류"
53374855,202211,F,40대,경기도,500이상700만원 미만,"문화예술 직접하기, 관광-여행, 오락-휴식, 자기계발-자기관리, 사회교류","문화예술 직접하기, 관광-여행, 오락-휴식, 자기계발-자기관리, 사회교류"
53351996,202211,F,40대,경기도,500이상700만원 미만,"문화예술 관람하기, 운동-스포츠 직접하기, 관광-여행, 오락-휴식","문화예술 관람하기, 운동-스포츠 직접하기, 관광-여행, 오락-휴식, 사회교류"
53371315,202211,F,40대,경기도,500이상700만원 미만,"문화예술 관람하기, 관광-여행, 오락-휴식, 자기계발-자기관리","문화예술 관람하기, 관광-여행, 오락-휴식, 자기계발-자기관리"
53367097,202211,F,40대,경기도,500이상700만원 미만,"문화예술 관람하기, 관광-여행","문화예술 관람하기, 문화예술 직접하기, 관광-여행, 자기계발-자기관리"
53338585,202211,F,40대,경기도,500이상700만원 미만,"문화예술 관람하기, 자기계발-자기관리","문화예술 관람하기, 오락-휴식, 자기계발-자기관리"
53362918,202211,F,40대,경기도,500이상700만원 미만,"운동-스포츠 직접하기, 관광-여행, 오락-휴식","운동-스포츠 직접하기, 관광-여행, 오락-휴식"
53367820,202211,F,40대,경기도,500이상700만원 미만,"운동-스포츠 직접하기, 오락-휴식, 자기계발-자기관리","운동-스포츠 직접하기, 오락-휴식, 자기계발-자기관리"
53369586,202211,F,40대,경기도,500이상700만원 미만,"문화예술 관람하기, 스포츠 관람하기, 오락-휴식","문화예술 관람하기, 스포츠 관람하기, 오락-휴식"
53353348,202211,F,40대,경기도,500이상700만원 미만,"운동-스포츠 직접하기, 관광-여행, 오락-휴식, 자기계발-자기관리","운동-스포츠 직접하기, 관광-여행, 오락-휴식, 자기계발-자기관리"
53341064,202211,F,40대,경기도,500이상700만원 미만,"운동-스포츠 직접하기, 관광-여행, 사회교류","운동-스포츠 직접하기, 관광-여행, 사회교류"
53326743,202211,F,40대,경기도,500이상700만원 미만,"문화예술 관람하기, 관광-여행, 오락-휴식","문화예술 관람하기, 관광-여행, 오락-휴식, 자기계발-자기관리"
53358323,202211,F,40대,경기도,500이상700만원 미만,관광-여행,관광-여행
53371565,202211,F,40대,경기도,500이상700만원 미만,"문화예술 관람하기, 스포츠 관람하기, 운동-스포츠 직접하기, 관광-여행, 오락-휴식","문화예술 관람하기, 스포츠 관람하기, 운동-스포츠 직접하기, 관광-여행, 오락-휴식"
53327526,202211,M,40대,경기도,500이상700만원 미만,"운동-스포츠 직접하기, 관광-여행, 오락-휴식","스포츠 관람하기, 운동-스포츠 직접하기, 관광-여행, 오락-휴식"
53352338,202211,M,40대,경기도,500이상700만원 미만,"문화예술 관람하기, 문화예술 직접하기, 스포츠 관람하기, 자기계발-자기관리","문화예술 관람하기, 문화예술 직접하기, 스포츠 관람하기, 관광-여행, 자기계발-자기관리"
53360207,202211,M,40대,경기도,500이상700만원 미만,"문화예술 관람하기, 운동-스포츠 직접하기, 관광-여행, 오락-휴식, 자기계발-자기관리","문화예술 관람하기, 운동-스포츠 직접하기, 관광-여행, 오락-휴식, 자기계발-자기관리, 사회교류"
53373596,202211,F,40대,경기도,500이상700만원 미만,"관광-여행, 오락-휴식, 사회교류","문화예술 관람하기, 운동-스포츠 직접하기, 관광-여행, 오락-휴식, 사회교류"
53340958,202211,M,40대,경기도,500이상700만원 미만,"스포츠 관람하기, 관광-여행, 오락-휴식","스포츠 관람하기, 관광-여행, 오락-휴식"
53341079,202211,M,40대,경기도,500이상700만원 미만,"문화예술 관람하기, 운동-스포츠 직접하기, 오락-휴식","문화예술 관람하기, 스포츠 관람하기, 운동-스포츠 직접하기, 오락-휴식"
53355151,202211,M,40대,경기도,500이상700만원 미만,"관광-여행, 오락-휴식, 사회교류","관광-여행, 오락-휴식, 사회교류"
53371177,202211,M,40대,경기도,500이상700만원 미만,"운동-스포츠 직접하기, 관광-여행, 오락-휴식","운동-스포츠 직접하기, 관광-여행, 오락-휴식"
53326803,202211,M,40대,경기도,500이상700만원 미만,"관광-여행, 오락-휴식, 자기계발-자기관리","문화예술 직접하기, 스포츠 관람하기, 관광-여행, 오락-휴식, 자기계발-자기관리"
53365841,202211,M,40대,경기도,500이상700만원 미만,"문화예술 관람하기, 관광-여행, 오락-휴식","문화예술 관람하기, 관광-여행, 오락-휴식"
53354546,202211,M,40대,경기도,500이상700만원 미만,"운동-스포츠 직접하기, 관광-여행, 오락-휴식","운동-스포츠 직접하기, 관광-여행, 오락-휴식"
53334943,202211,M,40대,경기도,500이상700만원 미만,"문화예술 관람하기, 관광-여행","문화예술 관람하기, 관광-여행"
53351472,202211,M,40대,경기도,500이상700만원 미만,"문화예술 관람하기, 운동-스포츠 직접하기, 오락-휴식, 자기계발-자기관리, 사회교류","문화예술 관람하기, 운동-스포츠 직접하기, 오락-휴식, 자기계발-자기관리, 사회교류"
53350257,202211,M,40대,경기도,500이상700만원 미만,"문화예술 관람하기, 관광-여행, 오락-휴식, 사회교류","문화예술 관람하기, 운동-스포츠 직접하기, 관광-여행, 오락-휴식, 사회교류"
53376154,202211,M,40대,경기도,500이상700만원 미만,"문화예술 관람하기, 운동-스포츠 직접하기, 오락-휴식, 자기계발-자기관리, 사회교류","문화예술 관람하기, 운동-스포츠 직접하기, 관광-여행, 오락-휴식, 자기계발-자기관리, 사회교류"
53343066,202211,M,40대,경기도,500이상700만원 미만,"문화예술 관람하기, 스포츠 관람하기, 운동-스포츠 직접하기, 관광-여행, 오락-휴식, 자기계발-자기관리, 사회교류","문화예술 관람하기, 스포츠 관람하기, 운동-스포츠 직접하기, 관광-여행, 오락-휴식, 자기계발-자기관리, 사회교류"
53328690,202211,M,30대,경기도,500이상700만원 미만,"관광-여행, 사회교류","문화예술 관람하기, 관광-여행, 사회교류"
53370290,202211,M,30대,경기도,500이상700만원 미만,"문화예술 관람하기, 스포츠 관람하기, 운동-스포츠 직접하기, 관광-여행, 오락-휴식","문화예술 관람하기, 문화예술 직접하기, 스포츠 관람하기, 운동-스포츠 직접하기, 관광-여행, 오락-휴식, 사회교류"
53366303,202211,F,30대,경기도,500이상700만원 미만,"문화예술 관람하기, 관광-여행, 오락-휴식","문화예술 관람하기, 관광-여행, 오락-휴식"
53338279,202211,M,30대,경기도,500이상700만원 미만,"스포츠 관람하기, 관광-여행","스포츠 관람하기, 관광-여행"
53344458,202211,M,30대,경기도,500이상700만원 미만,"스포츠 관람하기, 관광-여행","스포츠 관람하기, 관광-여행, 오락-휴식"
53366731,202211,F,30대,경기도,500이상700만원 미만,"관광-여행, 오락-휴식, 자기계발-자기관리","관광-여행, 오락-휴식, 자기계발-자기관리"
53358092,202211,M,30대,경기도,500이상700만원 미만,스포츠 관람하기,"스포츠 관람하기, 오락-휴식"
53335928,202211,F,30대,경기도,500이상700만원 미만,"문화예술 관람하기, 스포츠 관람하기, 운동-스포츠 직접하기, 관광-여행, 오락-휴식, 자기계발-자기관리, 사회교류","문화예술 관람하기, 스포츠 관람하기, 운동-스포츠 직접하기, 관광-여행, 오락-휴식, 자기계발-자기관리, 사회교류"
53350361,202211,F,30대,경기도,500이상700만원 미만,"운동-스포츠 직접하기, 관광-여행, 자기계발-자기관리, 사회교류","운동-스포츠 직접하기, 관광-여행, 자기계발-자기관리, 사회교류"
53347122,202211,F,30대,경기도,500이상700만원 미만,"운동-스포츠 직접하기, 관광-여행, 오락-휴식, 자기계발-자기관리, 사회교류","문화예술 관람하기, 운동-스포츠 직접하기, 관광-여행, 오락-휴식, 자기계발-자기관리, 사회교류"
53344914,202211,F,30대,경기도,500이상700만원 미만,"문화예술 관람하기, 스포츠 관람하기, 관광-여행, 오락-휴식","문화예술 관람하기, 스포츠 관람하기, 관광-여행, 오락-휴식"
53367667,202211,M,30대,경기도,500이상700만원 미만,"문화예술 관람하기, 문화예술 직접하기, 스포츠 관람하기, 운동-스포츠 직접하기, 관광-여행, 오락-휴식, 사회교류","문화예술 관람하기, 문화예술 직접하기, 스포츠 관람하기, 운동-스포츠 직접하기, 관광-여행, 오락-휴식, 사회교류"
53371766,202211,F,30대,경기도,500이상700만원 미만,자기계발-자기관리,"문화예술 관람하기, 자기계발-자기관리"
53355336,202211,M,30대,경기도,500이상700만원 미만,"문화예술 관람하기, 관광-여행, 오락-휴식","문화예술 관람하기, 운동-스포츠 직접하기, 관광-여행, 오락-휴식, 자기계발-자기관리"
53344197,202211,M,30대,경기도,500이상700만원 미만,"오락-휴식, 자기계발-자기관리","문화예술 관람하기, 오락-휴식, 자기계발-자기관리"
53332421,202211,M,30대,경기도,500이상700만원 미만,"스포츠 관람하기, 관광-여행, 오락-휴식","스포츠 관람하기, 관광-여행, 오락-휴식"
53368944,202211,M,30대,경기도,500이상700만원 미만,사회교류,"운동-스포츠 직접하기, 관광-여행, 자기계발-자기관리, 사회교류"
53335422,202211,M,30대,경기도,500이상700만원 미만,관광-여행,"운동-스포츠 직접하기, 관광-여행, 오락-휴식, 사회교류"
53335839,202211,M,30대,경기도,500이상700만원 미만,"문화예술 관람하기, 스포츠 관람하기, 운동-스포츠 직접하기, 관광-여행, 오락-휴식, 사회교류","문화예술 관람하기, 스포츠 관람하기, 운동-스포츠 직접하기, 관광-여행, 오락-휴식, 사회교류"
53330577,202211,F,30대,경기도,500이상700만원 미만,"문화예술 관람하기, 스포츠 관람하기, 운동-스포츠 직접하기, 오락-휴식, 자기계발-자기관리, 사회교류","문화예술 관람하기, 스포츠 관람하기, 운동-스포츠 직접하기, 관광-여행, 오락-휴식, 자기계발-자기관리, 사회교류"
53326721,202211,F,30대,경기도,500이상700만원 미만,"문화예술 관람하기, 문화예술 직접하기, 운동-스포츠 직접하기, 관광-여행, 오락-휴식, 자기계발-자기관리, 사회교류","문화예술 관람하기, 문화예술 직접하기, 운동-스포츠 직접하기, 관광-여행, 오락-휴식, 자기계발-자기관리, 사회교류"
53357979,202211,F,30대,경기도,500이상700만원 미만,"문화예술 관람하기, 스포츠 관람하기, 운동-스포츠 직접하기, 관광-여행, 오락-휴식","문화예술 관람하기, 스포츠 관람하기, 운동-스포츠 직접하기, 관광-여행, 오락-휴식"
53334490,202211,F,30대,경기도,500이상700만원 미만,관광-여행,관광-여행
53335844,202211,F,20대,경기도,500이상700만원 미만,"오락-휴식, 자기계발-자기관리","문화예술 관람하기, 관광-여행, 오락-휴식, 자기계발-자기관리"
53329461,202211,F,30대,경기도,500이상700만원 미만,관광-여행,"운동-스포츠 직접하기, 관광-여행"
53366794,202211,F,20대,경기도,500이상700만원 미만,"문화예술 관람하기, 문화예술 직접하기, 운동-스포츠 직접하기, 관광-여행, 오락-휴식, 자기계발-자기관리, 사회교류","문화예술 관람하기, 문화예술 직접하기, 스포츠 관람하기, 운동-스포츠 직접하기, 관광-여행, 오락-휴식, 자기계발-자기관리, 사회교류"
53330035,202211,F,20대,경기도,500이상700만원 미만,관광-여행,관광-여행
53332862,202211,F,30대,경기도,500이상700만원 미만,"문화예술 관람하기, 관광-여행, 오락-휴식","문화예술 관람하기, 관광-여행, 오락-휴식"
53339973,202211,F,20대,경기도,500이상700만원 미만,"스포츠 관람하기, 관광-여행, 오락-휴식, 자기계발-자기관리","스포츠 관람하기, 관광-여행, 오락-휴식, 자기계발-자기관리"
53376706,202211,F,20대,경기도,500이상700만원 미만,"문화예술 관람하기, 운동-스포츠 직접하기, 관광-여행, 오락-휴식, 사회교류","문화예술 관람하기, 스포츠 관람하기, 운동-스포츠 직접하기, 관광-여행, 오락-휴식, 자기계발-자기관리, 사회교류"
53369118,202211,F,20대,경기도,500이상700만원 미만,오락-휴식,"운동-스포츠 직접하기, 관광-여행, 오락-휴식"
53325115,202211,M,20대,경기도,500이상700만원 미만,"스포츠 관람하기, 관광-여행, 오락-휴식","스포츠 관람하기, 관광-여행, 오락-휴식"
53332915,202211,M,20대,경기도,500이상700만원 미만,"운동-스포츠 직접하기, 오락-휴식","운동-스포츠 직접하기, 오락-휴식"
53359601,202211,M,20대,경기도,500이상700만원 미만,"문화예술 관람하기, 운동-스포츠 직접하기, 오락-휴식, 사회교류","문화예술 관람하기, 운동-스포츠 직접하기, 오락-휴식, 사회교류"
53350867,202211,M,20대,경기도,500이상700만원 미만,"문화예술 관람하기, 문화예술 직접하기, 스포츠 관람하기, 운동-스포츠 직접하기, 관광-여행, 오락-휴식, 자기계발-자기관리","문화예술 관람하기, 문화예술 직접하기, 스포츠 관람하기, 운동-스포츠 직접하기, 관광-여행, 오락-휴식, 자기계발-자기관리"
53337779,202211,M,20대,경기도,500이상700만원 미만,"문화예술 관람하기, 관광-여행, 오락-휴식","문화예술 관람하기, 관광-여행, 오락-휴식"
53369656,202211,F,20대,경기도,500이상700만원 미만,"스포츠 관람하기, 관광-여행, 오락-휴식, 자기계발-자기관리, 사회교류","스포츠 관람하기, 관광-여행, 오락-휴식, 자기계발-자기관리, 사회교류"
53358402,202211,F,20대,경기도,500이상700만원 미만,"스포츠 관람하기, 자기계발-자기관리, 사회교류","문화예술 관람하기, 스포츠 관람하기, 자기계발-자기관리, 사회교류"
53358972,202211,M,20대,경기도,500이상700만원 미만,"스포츠 관람하기, 운동-스포츠 직접하기, 관광-여행, 오락-휴식, 사회교류","문화예술 관람하기, 스포츠 관람하기, 운동-스포츠 직접하기, 관광-여행, 오락-휴식, 자기계발-자기관리, 사회교류"
53348763,202211,M,20대,경기도,500이상700만원 미만,"문화예술 관람하기, 운동-스포츠 직접하기, 오락-휴식, 사회교류","문화예술 관람하기, 운동-스포츠 직접하기, 관광-여행, 오락-휴식, 자기계발-자기관리, 사회교류"
53365253,202211,M,20대,경기도,500이상700만원 미만,오락-휴식,오락-휴식
53338608,202211,M,20대,경상남도,500이상700만원 미만,"스포츠 관람하기, 운동-스포츠 직접하기, 관광-여행, 오락-휴식, 사회교류","문화예술 관람하기, 스포츠 관람하기, 운동-스포츠 직접하기, 관광-여행, 오락-휴식, 사회교류"
53334849,202211,M,20대,경상남도,500이상700만원 미만,관광-여행,"관광-여행, 사회교류"
53338991,202211,F,20대,경상남도,500이상700만원 미만,"스포츠 관람하기, 운동-스포츠 직접하기, 관광-여행, 오락-휴식, 사회교류","스포츠 관람하기, 운동-스포츠 직접하기, 관광-여행, 오락-휴식, 사회교류"
53343054,202211,F,20대,경상남도,500이상700만원 미만,"문화예술 관람하기, 관광-여행, 오락-휴식, 자기계발-자기관리, 사회교류","문화예술 관람하기, 관광-여행, 오락-휴식, 자기계발-자기관리, 사회교류"
53337018,202211,F,30대,경상남도,500이상700만원 미만,"관광-여행, 오락-휴식, 사회교류","관광-여행, 오락-휴식, 사회교류"
53352634,202211,M,30대,경상남도,500이상700만원 미만,"문화예술 관람하기, 관광-여행, 오락-휴식","문화예술 관람하기, 관광-여행, 오락-휴식"
53364317,202211,M,30대,경상남도,500이상700만원 미만,"문화예술 관람하기, 스포츠 관람하기, 운동-스포츠 직접하기, 관광-여행, 오락-휴식, 자기계발-자기관리, 사회교류","문화예술 관람하기, 스포츠 관람하기, 운동-스포츠 직접하기, 관광-여행, 오락-휴식, 자기계발-자기관리, 사회교류"
53341067,202211,M,30대,경상남도,500이상700만원 미만,"문화예술 관람하기, 문화예술 직접하기, 운동-스포츠 직접하기, 관광-여행, 오락-휴식, 자기계발-자기관리, 사회교류","문화예술 관람하기, 문화예술 직접하기, 스포츠 관람하기, 운동-스포츠 직접하기, 관광-여행, 오락-휴식, 자기계발-자기관리, 사회교류"
53348617,202211,M,30대,경상남도,500이상700만원 미만,"스포츠 관람하기, 운동-스포츠 직접하기, 관광-여행, 오락-휴식, 자기계발-자기관리, 사회교류","문화예술 관람하기, 문화예술 직접하기, 스포츠 관람하기, 운동-스포츠 직접하기, 관광-여행, 오락-휴식, 자기계발-자기관리, 사회교류"
53328291,202211,M,40대,경상남도,500이상700만원 미만,"운동-스포츠 직접하기, 관광-여행, 오락-휴식, 자기계발-자기관리, 사회교류","운동-스포츠 직접하기, 관광-여행, 오락-휴식, 자기계발-자기관리, 사회교류"
53335420,202211,M,40대,경상남도,500이상700만원 미만,"문화예술 관람하기, 스포츠 관람하기, 운동-스포츠 직접하기, 관광-여행, 오락-휴식, 자기계발-자기관리, 사회교류","문화예술 관람하기, 문화예술 직접하기, 스포츠 관람하기, 운동-스포츠 직접하기, 관광-여행, 오락-휴식, 자기계발-자기관리, 사회교류"
53357179,202211,M,40대,경상남도,500이상700만원 미만,스포츠 관람하기,"스포츠 관람하기, 오락-휴식"
53346821,202211,M,40대,경상남도,500이상700만원 미만,"운동-스포츠 직접하기, 관광-여행, 오락-휴식, 자기계발-자기관리, 사회교류","운동-스포츠 직접하기, 관광-여행, 오락-휴식, 자기계발-자기관리, 사회교류"
53342127,202211,F,40대,경상남도,500이상700만원 미만,"운동-스포츠 직접하기, 관광-여행, 오락-휴식, 자기계발-자기관리","운동-스포츠 직접하기, 관광-여행, 오락-휴식, 자기계발-자기관리"
53371125,202211,F,40대,경상남도,500이상700만원 미만,"문화예술 관람하기, 운동-스포츠 직접하기, 오락-휴식, 사회교류","문화예술 관람하기, 운동-스포츠 직접하기, 오락-휴식, 사회교류"
53366939,202211,F,40대,경상남도,500이상700만원 미만,"문화예술 관람하기, 관광-여행, 오락-휴식, 자기계발-자기관리, 사회교류","문화예술 관람하기, 관광-여행, 오락-휴식, 자기계발-자기관리, 사회교류"
53330633,202211,F,40대,경상남도,500이상700만원 미만,"문화예술 관람하기, 스포츠 관람하기, 관광-여행, 오락-휴식, 자기계발-자기관리, 사회교류","문화예술 관람하기, 스포츠 관람하기, 관광-여행, 오락-휴식, 자기계발-자기관리, 사회교류"
53325467,202211,F,40대,경상남도,500이상700만원 미만,"운동-스포츠 직접하기, 관광-여행, 오락-휴식, 사회교류","운동-스포츠 직접하기, 관광-여행, 오락-휴식, 사회교류"
53339895,202211,F,40대,경상남도,500이상700만원 미만,"문화예술 관람하기, 운동-스포츠 직접하기, 관광-여행, 오락-휴식, 자기계발-자기관리, 사회교류","문화예술 관람하기, 운동-스포츠 직접하기, 관광-여행, 오락-휴식, 자기계발-자기관리, 사회교류"
53344320,202211,F,50대,경상남도,500이상700만원 미만,"운동-스포츠 직접하기, 사회교류","스포츠 관람하기, 운동-스포츠 직접하기, 사회교류"
53335569,202211,M,50대,경상남도,500이상700만원 미만,"문화예술 관람하기, 스포츠 관람하기, 운동-스포츠 직접하기, 관광-여행, 오락-휴식, 자기계발-자기관리, 사회교류","문화예술 관람하기, 스포츠 관람하기, 운동-스포츠 직접하기, 관광-여행, 오락-휴식, 자기계발-자기관리, 사회교류"
53351061,202211,M,50대,경상남도,500이상700만원 미만,"운동-스포츠 직접하기, 관광-여행, 오락-휴식, 자기계발-자기관리, 사회교류","스포츠 관람하기, 운동-스포츠 직접하기, 관광-여행, 오락-휴식, 자기계발-자기관리, 사회교류"
53358388,202211,M,50대,경상남도,500이상700만원 미만,"문화예술 관람하기, 운동-스포츠 직접하기, 관광-여행, 오락-휴식, 자기계발-자기관리, 사회교류","문화예술 관람하기, 운동-스포츠 직접하기, 관광-여행, 오락-휴식, 자기계발-자기관리, 사회교류"
53346949,202211,F,50대,경상남도,500이상700만원 미만,"문화예술 관람하기, 스포츠 관람하기, 관광-여행, 오락-휴식, 자기계발-자기관리, 사회교류","문화예술 관람하기, 스포츠 관람하기, 관광-여행, 오락-휴식, 자기계발-자기관리, 사회교류"
53325996,202211,F,50대,경상남도,500이상700만원 미만,"문화예술 관람하기, 운동-스포츠 직접하기, 관광-여행, 오락-휴식, 자기계발-자기관리, 사회교류","문화예술 관람하기, 운동-스포츠 직접하기, 관광-여행, 오락-휴식, 자기계발-자기관리, 사회교류"
53363669,202211,F,50대,경상남도,500이상700만원 미만,"문화예술 관람하기, 운동-스포츠 직접하기, 관광-여행, 사회교류","문화예술 관람하기, 운동-스포츠 직접하기, 관광-여행, 사회교류"
53333357,202211,M,60대,경상남도,500이상700만원 미만,"스포츠 관람하기, 오락-휴식","스포츠 관람하기, 오락-휴식"
53345464,202211,M,60대,경상남도,500이상700만원 미만,"문화예술 관람하기, 스포츠 관람하기, 운동-스포츠 직접하기, 관광-여행, 오락-휴식, 자기계발-자기관리, 사회교류","문화예술 관람하기, 스포츠 관람하기, 운동-스포츠 직접하기, 관광-여행, 오락-휴식, 자기계발-자기관리, 사회교류"
53374109,202211,M,60대,경상남도,500이상700만원 미만,"문화예술 직접하기, 운동-스포츠 직접하기, 관광-여행, 오락-휴식, 자기계발-자기관리, 사회교류","문화예술 관람하기, 문화예술 직접하기, 운동-스포츠 직접하기, 관광-여행, 오락-휴식, 자기계발-자기관리, 사회교류"
53366983,202211,M,60대,경상남도,500이상700만원 미만,"스포츠 관람하기, 운동-스포츠 직접하기, 관광-여행, 오락-휴식","스포츠 관람하기, 운동-스포츠 직접하기, 관광-여행, 오락-휴식"
53333207,202211,F,60대,경상남도,500이상700만원 미만,"문화예술 관람하기, 운동-스포츠 직접하기, 관광-여행, 오락-휴식, 자기계발-자기관리, 사회교류","문화예술 관람하기, 스포츠 관람하기, 운동-스포츠 직접하기, 관광-여행, 오락-휴식, 자기계발-자기관리, 사회교류"
53335918,202211,F,60대,경상남도,500이상700만원 미만,"운동-스포츠 직접하기, 관광-여행, 오락-휴식, 자기계발-자기관리","문화예술 관람하기, 운동-스포츠 직접하기, 관광-여행, 오락-휴식, 자기계발-자기관리"
53339648,202211,M,60대,경상북도,500이상700만원 미만,"문화예술 직접하기, 운동-스포츠 직접하기, 관광-여행, 오락-휴식, 자기계발-자기관리, 사회교류","문화예술 관람하기, 문화예술 직접하기, 운동-스포츠 직접하기, 관광-여행, 오락-휴식, 자기계발-자기관리, 사회교류"
53367706,202211,M,50대,경상북도,500이상700만원 미만,"운동-스포츠 직접하기, 관광-여행","운동-스포츠 직접하기, 관광-여행"
53341902,202211,M,50대,경상북도,500이상700만원 미만,"운동-스포츠 직접하기, 오락-휴식, 자기계발-자기관리","문화예술 관람하기, 운동-스포츠 직접하기, 오락-휴식, 자기계발-자기관리"
53334944,202211,M,50대,경상북도,500이상700만원 미만,"운동-스포츠 직접하기, 관광-여행, 오락-휴식","운동-스포츠 직접하기, 관광-여행, 오락-휴식"
53351032,202211,M,60대,경상북도,500이상700만원 미만,"문화예술 관람하기, 스포츠 관람하기, 운동-스포츠 직접하기, 관광-여행, 오락-휴식, 자기계발-자기관리, 사회교류","문화예술 관람하기, 스포츠 관람하기, 운동-스포츠 직접하기, 관광-여행, 오락-휴식, 자기계발-자기관리, 사회교류"
53334369,202211,M,60대,경상북도,500이상700만원 미만,"문화예술 관람하기, 문화예술 직접하기, 스포츠 관람하기, 운동-스포츠 직접하기, 관광-여행, 오락-휴식, 자기계발-자기관리, 사회교류","문화예술 관람하기, 문화예술 직접하기, 스포츠 관람하기, 운동-스포츠 직접하기, 관광-여행, 오락-휴식, 자기계발-자기관리, 사회교류"
53357312,202211,F,40대,경상북도,500이상700만원 미만,"문화예술 관람하기, 관광-여행, 자기계발-자기관리","문화예술 관람하기, 운동-스포츠 직접하기, 관광-여행, 오락-휴식, 자기계발-자기관리, 사회교류"
53376164,202211,F,40대,경상북도,500이상700만원 미만,"문화예술 관람하기, 운동-스포츠 직접하기, 오락-휴식, 자기계발-자기관리, 사회교류","문화예술 관람하기, 운동-스포츠 직접하기, 오락-휴식, 자기계발-자기관리, 사회교류"
53345156,202211,F,40대,경상북도,500이상700만원 미만,"문화예술 관람하기, 운동-스포츠 직접하기, 관광-여행, 오락-휴식, 자기계발-자기관리, 사회교류","문화예술 관람하기, 운동-스포츠 직접하기, 관광-여행, 오락-휴식, 자기계발-자기관리, 사회교류"
53366027,202211,F,40대,경상북도,500이상700만원 미만,"문화예술 관람하기, 문화예술 직접하기, 스포츠 관람하기, 운동-스포츠 직접하기, 관광-여행, 오락-휴식, 자기계발-자기관리, 사회교류","문화예술 관람하기, 문화예술 직접하기, 스포츠 관람하기, 운동-스포츠 직접하기, 관광-여행, 오락-휴식, 자기계발-자기관리, 사회교류"
53362831,202211,F,40대,경상북도,500이상700만원 미만,"스포츠 관람하기, 운동-스포츠 직접하기, 오락-휴식, 사회교류","문화예술 직접하기, 스포츠 관람하기, 운동-스포츠 직접하기, 관광-여행, 오락-휴식, 사회교류"
53335445,202211,M,40대,경상북도,500이상700만원 미만,"관광-여행, 오락-휴식","문화예술 관람하기, 관광-여행, 오락-휴식"
53342812,202211,M,40대,경상북도,500이상700만원 미만,"문화예술 관람하기, 운동-스포츠 직접하기, 관광-여행, 오락-휴식, 사회교류","문화예술 관람하기, 운동-스포츠 직접하기, 관광-여행, 오락-휴식, 사회교류"
53373089,202211,M,30대,경상북도,500이상700만원 미만,"문화예술 관람하기, 오락-휴식, 자기계발-자기관리","문화예술 관람하기, 오락-휴식, 자기계발-자기관리"
53360359,202211,F,30대,경상북도,500이상700만원 미만,"운동-스포츠 직접하기, 오락-휴식, 사회교류","운동-스포츠 직접하기, 관광-여행, 오락-휴식, 자기계발-자기관리, 사회교류"
53324567,202211,F,30대,경상북도,500이상700만원 미만,"문화예술 관람하기, 운동-스포츠 직접하기, 관광-여행, 오락-휴식","문화예술 관람하기, 스포츠 관람하기, 운동-스포츠 직접하기, 관광-여행, 오락-휴식, 자기계발-자기관리"
53341105,202211,M,20대,경상북도,500이상700만원 미만,"문화예술 관람하기, 문화예술 직접하기, 스포츠 관람하기, 운동-스포츠 직접하기, 관광-여행, 오락-휴식, 자기계발-자기관리, 사회교류","문화예술 관람하기, 문화예술 직접하기, 스포츠 관람하기, 운동-스포츠 직접하기, 관광-여행, 오락-휴식, 자기계발-자기관리, 사회교류"
53366515,202211,F,20대,경상북도,500이상700만원 미만,"문화예술 관람하기, 운동-스포츠 직접하기, 오락-휴식, 자기계발-자기관리","문화예술 관람하기, 운동-스포츠 직접하기, 오락-휴식, 자기계발-자기관리"
53363295,202211,M,20대,광주광역시,500이상700만원 미만,사회교류,"스포츠 관람하기, 운동-스포츠 직접하기, 오락-휴식, 자기계발-자기관리, 사회교류"
53367493,202211,F,20대,광주광역시,500이상700만원 미만,"문화예술 관람하기, 스포츠 관람하기, 운동-스포츠 직접하기, 관광-여행, 오락-휴식, 자기계발-자기관리, 사회교류","문화예술 관람하기, 문화예술 직접하기, 스포츠 관람하기, 운동-스포츠 직접하기, 관광-여행, 오락-휴식, 자기계발-자기관리, 사회교류"
53359618,202211,F,20대,광주광역시,500이상700만원 미만,"문화예술 관람하기, 관광-여행, 오락-휴식, 사회교류","문화예술 관람하기, 관광-여행, 오락-휴식, 사회교류"
53325410,202211,F,30대,광주광역시,500이상700만원 미만,"자기계발-자기관리, 사회교류","자기계발-자기관리, 사회교류"
53372407,202211,M,40대,광주광역시,500이상700만원 미만,"운동-스포츠 직접하기, 관광-여행, 오락-휴식, 자기계발-자기관리, 사회교류","운동-스포츠 직접하기, 관광-여행, 오락-휴식, 자기계발-자기관리, 사회교류"
53370911,202211,F,40대,광주광역시,500이상700만원 미만,"운동-스포츠 직접하기, 관광-여행, 오락-휴식, 자기계발-자기관리, 사회교류","문화예술 관람하기, 운동-스포츠 직접하기, 관광-여행, 오락-휴식, 자기계발-자기관리, 사회교류"
53367603,202211,F,40대,광주광역시,500이상700만원 미만,"문화예술 관람하기, 스포츠 관람하기, 관광-여행, 오락-휴식, 자기계발-자기관리, 사회교류","문화예술 관람하기, 문화예술 직접하기, 스포츠 관람하기, 관광-여행, 오락-휴식, 자기계발-자기관리, 사회교류"
53352726,202211,F,30대,광주광역시,500이상700만원 미만,"문화예술 관람하기, 관광-여행, 오락-휴식, 사회교류","문화예술 관람하기, 관광-여행, 오락-휴식, 자기계발-자기관리, 사회교류"
53339508,202211,F,40대,광주광역시,500이상700만원 미만,"운동-스포츠 직접하기, 관광-여행, 오락-휴식, 사회교류","스포츠 관람하기, 운동-스포츠 직접하기, 관광-여행, 오락-휴식, 사회교류"
53343330,202211,F,40대,광주광역시,500이상700만원 미만,"문화예술 직접하기, 자기계발-자기관리","문화예술 직접하기, 자기계발-자기관리"
53341410,202211,F,40대,광주광역시,500이상700만원 미만,"문화예술 관람하기, 오락-휴식, 사회교류","문화예술 관람하기, 오락-휴식, 사회교류"
53343043,202211,F,40대,광주광역시,500이상700만원 미만,"스포츠 관람하기, 운동-스포츠 직접하기, 관광-여행, 오락-휴식, 사회교류","스포츠 관람하기, 운동-스포츠 직접하기, 관광-여행, 오락-휴식, 자기계발-자기관리, 사회교류"
53365454,202211,F,40대,광주광역시,500이상700만원 미만,"문화예술 관람하기, 운동-스포츠 직접하기, 관광-여행, 오락-휴식, 자기계발-자기관리, 사회교류","문화예술 관람하기, 스포츠 관람하기, 운동-스포츠 직접하기, 관광-여행, 오락-휴식, 자기계발-자기관리, 사회교류"
53368953,202211,F,50대,광주광역시,500이상700만원 미만,"관광-여행, 오락-휴식, 사회교류","문화예술 관람하기, 관광-여행, 오락-휴식, 자기계발-자기관리, 사회교류"
53350677,202211,M,50대,광주광역시,500이상700만원 미만,"문화예술 관람하기, 관광-여행, 오락-휴식, 자기계발-자기관리","문화예술 관람하기, 관광-여행, 오락-휴식, 자기계발-자기관리"
53337413,202211,F,50대,광주광역시,500이상700만원 미만,"문화예술 관람하기, 운동-스포츠 직접하기, 관광-여행, 오락-휴식, 자기계발-자기관리, 사회교류","문화예술 관람하기, 운동-스포츠 직접하기, 관광-여행, 오락-휴식, 자기계발-자기관리, 사회교류"
53327924,202211,F,50대,광주광역시,500이상700만원 미만,"문화예술 관람하기, 스포츠 관람하기, 관광-여행, 오락-휴식, 자기계발-자기관리, 사회교류","문화예술 관람하기, 스포츠 관람하기, 관광-여행, 오락-휴식, 자기계발-자기관리, 사회교류"
53359757,202211,F,50대,광주광역시,500이상700만원 미만,"문화예술 관람하기, 운동-스포츠 직접하기, 관광-여행","문화예술 관람하기, 운동-스포츠 직접하기, 관광-여행, 오락-휴식, 자기계발-자기관리"
53351173,202211,M,50대,광주광역시,500이상700만원 미만,"문화예술 관람하기, 스포츠 관람하기, 운동-스포츠 직접하기, 관광-여행, 오락-휴식, 사회교류","문화예술 관람하기, 스포츠 관람하기, 운동-스포츠 직접하기, 관광-여행, 오락-휴식, 사회교류"
53336853,202211,M,60대,광주광역시,500이상700만원 미만,"문화예술 관람하기, 관광-여행, 오락-휴식, 사회교류","문화예술 관람하기, 관광-여행, 오락-휴식, 자기계발-자기관리, 사회교류"
53375798,202211,M,50대,광주광역시,500이상700만원 미만,"운동-스포츠 직접하기, 관광-여행, 오락-휴식, 자기계발-자기관리","운동-스포츠 직접하기, 관광-여행, 오락-휴식, 자기계발-자기관리"
53367840,202211,M,50대,광주광역시,500이상700만원 미만,"스포츠 관람하기, 운동-스포츠 직접하기, 관광-여행","스포츠 관람하기, 운동-스포츠 직접하기, 관광-여행, 오락-휴식"
53347287,202211,F,60대,광주광역시,500이상700만원 미만,"문화예술 관람하기, 운동-스포츠 직접하기, 관광-여행, 오락-휴식, 자기계발-자기관리, 사회교류","문화예술 관람하기, 운동-스포츠 직접하기, 관광-여행, 오락-휴식, 자기계발-자기관리, 사회교류"
53353702,202211,M,60대,대구광역시,500이상700만원 미만,"스포츠 관람하기, 운동-스포츠 직접하기, 관광-여행, 오락-휴식, 자기계발-자기관리, 사회교류","스포츠 관람하기, 운동-스포츠 직접하기, 관광-여행, 오락-휴식, 자기계발-자기관리, 사회교류"
53352086,202211,M,60대,대구광역시,500이상700만원 미만,"스포츠 관람하기, 운동-스포츠 직접하기, 관광-여행, 오락-휴식","스포츠 관람하기, 운동-스포츠 직접하기, 관광-여행, 오락-휴식"
53348786,202211,M,50대,대구광역시,500이상700만원 미만,관광-여행,"스포츠 관람하기, 관광-여행"
53340752,202211,F,50대,대구광역시,500이상700만원 미만,"문화예술 관람하기, 관광-여행, 오락-휴식, 자기계발-자기관리, 사회교류","문화예술 관람하기, 스포츠 관람하기, 관광-여행, 오락-휴식, 자기계발-자기관리, 사회교류"
53377393,202211,F,50대,대구광역시,500이상700만원 미만,"문화예술 관람하기, 운동-스포츠 직접하기, 관광-여행, 오락-휴식, 자기계발-자기관리, 사회교류","문화예술 관람하기, 문화예술 직접하기, 운동-스포츠 직접하기, 관광-여행, 오락-휴식, 자기계발-자기관리, 사회교류"
53363699,202211,F,50대,대구광역시,500이상700만원 미만,"운동-스포츠 직접하기, 오락-휴식, 사회교류","운동-스포츠 직접하기, 관광-여행, 오락-휴식, 사회교류"
53376375,202211,F,40대,대구광역시,500이상700만원 미만,"관광-여행, 자기계발-자기관리","관광-여행, 오락-휴식, 자기계발-자기관리"
53347940,202211,M,40대,대구광역시,500이상700만원 미만,"문화예술 관람하기, 문화예술 직접하기, 스포츠 관람하기, 운동-스포츠 직접하기, 관광-여행, 오락-휴식, 자기계발-자기관리, 사회교류","문화예술 관람하기, 문화예술 직접하기, 스포츠 관람하기, 운동-스포츠 직접하기, 관광-여행, 오락-휴식, 자기계발-자기관리, 사회교류"
53373095,202211,M,40대,대구광역시,500이상700만원 미만,"스포츠 관람하기, 운동-스포츠 직접하기, 관광-여행, 오락-휴식","문화예술 관람하기, 스포츠 관람하기, 운동-스포츠 직접하기, 관광-여행, 오락-휴식"
53367281,202211,M,30대,대구광역시,500이상700만원 미만,"운동-스포츠 직접하기, 관광-여행","문화예술 관람하기, 운동-스포츠 직접하기, 관광-여행"
53358804,202211,M,40대,대구광역시,500이상700만원 미만,"문화예술 관람하기, 운동-스포츠 직접하기, 관광-여행, 오락-휴식, 자기계발-자기관리, 사회교류","문화예술 관람하기, 운동-스포츠 직접하기, 관광-여행, 오락-휴식, 자기계발-자기관리, 사회교류"
53330815,202211,M,30대,대구광역시,500이상700만원 미만,"문화예술 관람하기, 스포츠 관람하기, 운동-스포츠 직접하기, 관광-여행, 오락-휴식, 자기계발-자기관리, 사회교류","문화예술 관람하기, 스포츠 관람하기, 운동-스포츠 직접하기, 관광-여행, 오락-휴식, 자기계발-자기관리, 사회교류"
53347104,202211,M,30대,대구광역시,500이상700만원 미만,"관광-여행, 오락-휴식, 자기계발-자기관리","관광-여행, 오락-휴식, 자기계발-자기관리"
53369737,202211,M,30대,대구광역시,500이상700만원 미만,"문화예술 관람하기, 운동-스포츠 직접하기, 관광-여행, 오락-휴식, 자기계발-자기관리, 사회교류","문화예술 관람하기, 운동-스포츠 직접하기, 관광-여행, 오락-휴식, 자기계발-자기관리, 사회교류"
53347477,202211,F,30대,대구광역시,500이상700만원 미만,"문화예술 관람하기, 운동-스포츠 직접하기, 관광-여행, 오락-휴식","문화예술 관람하기, 운동-스포츠 직접하기, 관광-여행, 오락-휴식"
53364550,202211,F,20대,대구광역시,500이상700만원 미만,관광-여행,"문화예술 관람하기, 스포츠 관람하기, 운동-스포츠 직접하기, 관광-여행, 오락-휴식, 사회교류"
53362003,202211,F,20대,대구광역시,500이상700만원 미만,"문화예술 관람하기, 운동-스포츠 직접하기, 관광-여행, 오락-휴식, 사회교류","문화예술 관람하기, 문화예술 직접하기, 스포츠 관람하기, 운동-스포츠 직접하기, 관광-여행, 오락-휴식, 자기계발-자기관리, 사회교류"
53372772,202211,F,20대,대구광역시,500이상700만원 미만,"문화예술 관람하기, 스포츠 관람하기, 관광-여행, 오락-휴식, 자기계발-자기관리, 사회교류","문화예술 관람하기, 문화예술 직접하기, 스포츠 관람하기, 관광-여행, 오락-휴식, 자기계발-자기관리, 사회교류"
53336603,202211,F,20대,대구광역시,500이상700만원 미만,"문화예술 관람하기, 문화예술 직접하기, 오락-휴식, 자기계발-자기관리, 사회교류","문화예술 관람하기, 문화예술 직접하기, 스포츠 관람하기, 오락-휴식, 자기계발-자기관리, 사회교류"
53365644,202211,F,20대,대구광역시,500이상700만원 미만,"문화예술 관람하기, 운동-스포츠 직접하기, 관광-여행, 오락-휴식, 자기계발-자기관리, 사회교류","문화예술 관람하기, 운동-스포츠 직접하기, 관광-여행, 오락-휴식, 자기계발-자기관리, 사회교류"
53348127,202211,M,20대,대전광역시,500이상700만원 미만,"운동-스포츠 직접하기, 관광-여행, 오락-휴식, 자기계발-자기관리, 사회교류","문화예술 관람하기, 운동-스포츠 직접하기, 관광-여행, 오락-휴식, 자기계발-자기관리, 사회교류"
53338967,202211,F,30대,대전광역시,500이상700만원 미만,"문화예술 관람하기, 관광-여행, 오락-휴식, 자기계발-자기관리, 사회교류","문화예술 관람하기, 문화예술 직접하기, 스포츠 관람하기, 관광-여행, 오락-휴식, 자기계발-자기관리, 사회교류"
53371001,202211,M,30대,대전광역시,500이상700만원 미만,"문화예술 관람하기, 관광-여행, 오락-휴식, 자기계발-자기관리, 사회교류","문화예술 관람하기, 문화예술 직접하기, 관광-여행, 오락-휴식, 자기계발-자기관리, 사회교류"
53327636,202211,M,40대,대전광역시,500이상700만원 미만,"관광-여행, 오락-휴식, 자기계발-자기관리, 사회교류","운동-스포츠 직접하기, 관광-여행, 오락-휴식, 자기계발-자기관리, 사회교류"
53343620,202211,F,30대,대전광역시,500이상700만원 미만,"문화예술 관람하기, 운동-스포츠 직접하기, 관광-여행, 오락-휴식","문화예술 관람하기, 운동-스포츠 직접하기, 관광-여행, 오락-휴식"
53358071,202211,M,30대,대전광역시,500이상700만원 미만,"문화예술 관람하기, 운동-스포츠 직접하기, 관광-여행, 오락-휴식, 자기계발-자기관리, 사회교류","문화예술 관람하기, 운동-스포츠 직접하기, 관광-여행, 오락-휴식, 자기계발-자기관리, 사회교류"
53368377,202211,M,40대,대전광역시,500이상700만원 미만,"문화예술 관람하기, 운동-스포츠 직접하기, 관광-여행, 오락-휴식, 자기계발-자기관리","문화예술 관람하기, 운동-스포츠 직접하기, 관광-여행, 오락-휴식, 자기계발-자기관리"
53374836,202211,F,40대,대전광역시,500이상700만원 미만,"운동-스포츠 직접하기, 자기계발-자기관리, 사회교류","운동-스포츠 직접하기, 자기계발-자기관리, 사회교류"
53361945,202211,F,50대,대전광역시,500이상700만원 미만,"스포츠 관람하기, 운동-스포츠 직접하기, 관광-여행, 오락-휴식, 사회교류","스포츠 관람하기, 운동-스포츠 직접하기, 관광-여행, 오락-휴식, 사회교류"
53339456,202211,F,50대,대전광역시,500이상700만원 미만,"운동-스포츠 직접하기, 관광-여행, 자기계발-자기관리","운동-스포츠 직접하기, 관광-여행, 자기계발-자기관리"
53358593,202211,M,60대,대전광역시,500이상700만원 미만,"운동-스포츠 직접하기, 관광-여행, 오락-휴식, 사회교류","문화예술 관람하기, 운동-스포츠 직접하기, 관광-여행, 오락-휴식, 사회교류"
53340634,202211,M,60대,대전광역시,500이상700만원 미만,"운동-스포츠 직접하기, 관광-여행, 오락-휴식, 자기계발-자기관리, 사회교류","운동-스포츠 직접하기, 관광-여행, 오락-휴식, 자기계발-자기관리, 사회교류"
53367302,202211,M,60대,부산광역시,500이상700만원 미만,"스포츠 관람하기, 운동-스포츠 직접하기, 오락-휴식","스포츠 관람하기, 운동-스포츠 직접하기, 오락-휴식"
53332646,202211,M,60대,부산광역시,500이상700만원 미만,"문화예술 관람하기, 스포츠 관람하기, 운동-스포츠 직접하기, 관광-여행, 오락-휴식, 자기계발-자기관리","문화예술 관람하기, 스포츠 관람하기, 운동-스포츠 직접하기, 관광-여행, 오락-휴식, 자기계발-자기관리"
53332918,202211,M,60대,부산광역시,500이상700만원 미만,"운동-스포츠 직접하기, 관광-여행, 오락-휴식, 사회교류","운동-스포츠 직접하기, 관광-여행, 오락-휴식, 사회교류"
53347713,202211,M,60대,부산광역시,500이상700만원 미만,"문화예술 관람하기, 운동-스포츠 직접하기, 관광-여행, 오락-휴식, 자기계발-자기관리, 사회교류","문화예술 관람하기, 운동-스포츠 직접하기, 관광-여행, 오락-휴식, 자기계발-자기관리, 사회교류"
53359460,202211,F,60대,부산광역시,500이상700만원 미만,"운동-스포츠 직접하기, 관광-여행","운동-스포츠 직접하기, 관광-여행"
53328469,202211,F,60대,부산광역시,500이상700만원 미만,"문화예술 직접하기, 스포츠 관람하기, 운동-스포츠 직접하기, 관광-여행, 오락-휴식, 자기계발-자기관리, 사회교류","문화예술 관람하기, 문화예술 직접하기, 스포츠 관람하기, 운동-스포츠 직접하기, 관광-여행, 오락-휴식, 자기계발-자기관리, 사회교류"
53366812,202211,F,60대,부산광역시,500이상700만원 미만,"운동-스포츠 직접하기, 사회교류","운동-스포츠 직접하기, 사회교류"
53354502,202211,M,50대,부산광역시,500이상700만원 미만,"운동-스포츠 직접하기, 관광-여행, 오락-휴식, 자기계발-자기관리","문화예술 관람하기, 운동-스포츠 직접하기, 관광-여행, 오락-휴식, 자기계발-자기관리"
53374468,202211,F,50대,부산광역시,500이상700만원 미만,"문화예술 관람하기, 관광-여행, 오락-휴식, 자기계발-자기관리, 사회교류","문화예술 관람하기, 관광-여행, 오락-휴식, 자기계발-자기관리, 사회교류"
53359789,202211,F,50대,부산광역시,500이상700만원 미만,"스포츠 관람하기, 운동-스포츠 직접하기, 관광-여행, 오락-휴식, 자기계발-자기관리","스포츠 관람하기, 운동-스포츠 직접하기, 관광-여행, 오락-휴식, 자기계발-자기관리"
53353801,202211,F,50대,부산광역시,500이상700만원 미만,"문화예술 관람하기, 운동-스포츠 직접하기, 관광-여행, 오락-휴식, 자기계발-자기관리","문화예술 관람하기, 문화예술 직접하기, 운동-스포츠 직접하기, 관광-여행, 오락-휴식, 자기계발-자기관리, 사회교류"
53365853,202211,F,50대,부산광역시,500이상700만원 미만,"운동-스포츠 직접하기, 오락-휴식","문화예술 관람하기, 운동-스포츠 직접하기, 오락-휴식"
53327572,202211,M,50대,부산광역시,500이상700만원 미만,"문화예술 관람하기, 문화예술 직접하기, 스포츠 관람하기, 운동-스포츠 직접하기, 오락-휴식, 자기계발-자기관리, 사회교류","문화예술 관람하기, 문화예술 직접하기, 스포츠 관람하기, 운동-스포츠 직접하기, 관광-여행, 오락-휴식, 자기계발-자기관리, 사회교류"
53349755,202211,M,50대,부산광역시,500이상700만원 미만,"관광-여행, 오락-휴식, 자기계발-자기관리","관광-여행, 오락-휴식, 자기계발-자기관리"
53337447,202211,M,50대,부산광역시,500이상700만원 미만,"스포츠 관람하기, 운동-스포츠 직접하기, 관광-여행, 오락-휴식, 자기계발-자기관리, 사회교류","문화예술 관람하기, 스포츠 관람하기, 운동-스포츠 직접하기, 관광-여행, 오락-휴식, 자기계발-자기관리, 사회교류"
53340644,202211,M,50대,부산광역시,500이상700만원 미만,"문화예술 관람하기, 문화예술 직접하기, 관광-여행, 오락-휴식, 자기계발-자기관리, 사회교류","문화예술 관람하기, 문화예술 직접하기, 관광-여행, 오락-휴식, 자기계발-자기관리, 사회교류"
53372336,202211,F,50대,부산광역시,500이상700만원 미만,"스포츠 관람하기, 운동-스포츠 직접하기, 관광-여행, 오락-휴식, 자기계발-자기관리, 사회교류","문화예술 관람하기, 스포츠 관람하기, 운동-스포츠 직접하기, 관광-여행, 오락-휴식, 자기계발-자기관리, 사회교류"
53329552,202211,F,40대,부산광역시,500이상700만원 미만,"문화예술 관람하기, 운동-스포츠 직접하기, 관광-여행, 오락-휴식, 자기계발-자기관리, 사회교류","문화예술 관람하기, 운동-스포츠 직접하기, 관광-여행, 오락-휴식, 자기계발-자기관리, 사회교류"
53369273,202211,F,40대,부산광역시,500이상700만원 미만,"운동-스포츠 직접하기, 관광-여행, 오락-휴식, 자기계발-자기관리","문화예술 관람하기, 스포츠 관람하기, 운동-스포츠 직접하기, 관광-여행, 오락-휴식, 자기계발-자기관리"
53368457,202211,F,40대,부산광역시,500이상700만원 미만,"운동-스포츠 직접하기, 오락-휴식, 사회교류","운동-스포츠 직접하기, 오락-휴식, 사회교류"
53353272,202211,F,40대,부산광역시,500이상700만원 미만,"문화예술 직접하기, 관광-여행, 오락-휴식, 자기계발-자기관리, 사회교류","문화예술 관람하기, 문화예술 직접하기, 스포츠 관람하기, 관광-여행, 오락-휴식, 자기계발-자기관리, 사회교류"
53348582,202211,F,50대,부산광역시,500이상700만원 미만,"관광-여행, 오락-휴식","문화예술 관람하기, 운동-스포츠 직접하기, 관광-여행, 오락-휴식"
53335232,202211,F,50대,부산광역시,500이상700만원 미만,"문화예술 관람하기, 문화예술 직접하기, 스포츠 관람하기, 운동-스포츠 직접하기, 관광-여행, 오락-휴식","문화예술 관람하기, 문화예술 직접하기, 스포츠 관람하기, 운동-스포츠 직접하기, 관광-여행, 오락-휴식"
53334310,202211,F,40대,부산광역시,500이상700만원 미만,"문화예술 관람하기, 운동-스포츠 직접하기, 관광-여행, 오락-휴식, 사회교류","문화예술 관람하기, 스포츠 관람하기, 운동-스포츠 직접하기, 관광-여행, 오락-휴식, 사회교류"
53344172,202211,F,40대,부산광역시,500이상700만원 미만,"문화예술 관람하기, 운동-스포츠 직접하기, 관광-여행, 오락-휴식, 자기계발-자기관리","문화예술 관람하기, 운동-스포츠 직접하기, 관광-여행, 오락-휴식, 자기계발-자기관리"
53344902,202211,M,40대,부산광역시,500이상700만원 미만,"문화예술 관람하기, 스포츠 관람하기, 운동-스포츠 직접하기, 관광-여행, 오락-휴식, 자기계발-자기관리, 사회교류","문화예술 관람하기, 스포츠 관람하기, 운동-스포츠 직접하기, 관광-여행, 오락-휴식, 자기계발-자기관리, 사회교류"
53341828,202211,M,40대,부산광역시,500이상700만원 미만,"문화예술 관람하기, 운동-스포츠 직접하기, 관광-여행, 오락-휴식, 자기계발-자기관리, 사회교류","문화예술 관람하기, 운동-스포츠 직접하기, 관광-여행, 오락-휴식, 자기계발-자기관리, 사회교류"
53338957,202211,M,40대,부산광역시,500이상700만원 미만,"운동-스포츠 직접하기, 관광-여행, 오락-휴식","문화예술 관람하기, 스포츠 관람하기, 운동-스포츠 직접하기, 관광-여행, 오락-휴식"
53347833,202211,F,30대,부산광역시,500이상700만원 미만,"문화예술 관람하기, 운동-스포츠 직접하기, 관광-여행, 오락-휴식, 자기계발-자기관리, 사회교류","문화예술 관람하기, 운동-스포츠 직접하기, 관광-여행, 오락-휴식, 자기계발-자기관리, 사회교류"
53365457,202211,M,30대,부산광역시,500이상700만원 미만,"문화예술 관람하기, 운동-스포츠 직접하기, 관광-여행, 오락-휴식","문화예술 관람하기, 운동-스포츠 직접하기, 관광-여행, 오락-휴식"
53329482,202211,F,20대,부산광역시,500이상700만원 미만,"문화예술 관람하기, 스포츠 관람하기, 오락-휴식, 사회교류","문화예술 관람하기, 스포츠 관람하기, 관광-여행, 오락-휴식, 자기계발-자기관리, 사회교류"
53335957,202211,F,20대,부산광역시,500이상700만원 미만,"오락-휴식, 사회교류","오락-휴식, 사회교류"
53356507,202211,F,30대,부산광역시,500이상700만원 미만,"관광-여행, 오락-휴식, 자기계발-자기관리, 사회교류","문화예술 관람하기, 관광-여행, 오락-휴식, 자기계발-자기관리, 사회교류"
53360156,202211,F,30대,부산광역시,500이상700만원 미만,"문화예술 관람하기, 관광-여행, 자기계발-자기관리","문화예술 관람하기, 관광-여행, 자기계발-자기관리"
53369414,202211,M,20대,부산광역시,500이상700만원 미만,"스포츠 관람하기, 오락-휴식, 자기계발-자기관리","문화예술 관람하기, 문화예술 직접하기, 스포츠 관람하기, 관광-여행, 오락-휴식, 자기계발-자기관리"
53362986,202211,M,20대,부산광역시,500이상700만원 미만,"문화예술 직접하기, 오락-휴식","문화예술 관람하기, 문화예술 직접하기, 오락-휴식, 자기계발-자기관리"
53323045,202211,F,20대,서울특별시,500이상700만원 미만,"문화예술 관람하기, 문화예술 직접하기, 운동-스포츠 직접하기, 관광-여행, 오락-휴식, 자기계발-자기관리","문화예술 관람하기, 문화예술 직접하기, 스포츠 관람하기, 운동-스포츠 직접하기, 관광-여행, 오락-휴식, 자기계발-자기관리"
53335214,202211,M,20대,서울특별시,500이상700만원 미만,"문화예술 관람하기, 스포츠 관람하기, 관광-여행, 오락-휴식, 자기계발-자기관리, 사회교류","문화예술 관람하기, 스포츠 관람하기, 관광-여행, 오락-휴식, 자기계발-자기관리, 사회교류"
53371568,202211,F,20대,서울특별시,500이상700만원 미만,"오락-휴식, 자기계발-자기관리, 사회교류","문화예술 관람하기, 관광-여행, 오락-휴식, 자기계발-자기관리, 사회교류"
53354692,202211,F,20대,서울특별시,500이상700만원 미만,"문화예술 관람하기, 운동-스포츠 직접하기, 관광-여행, 오락-휴식, 자기계발-자기관리, 사회교류","문화예술 관람하기, 문화예술 직접하기, 운동-스포츠 직접하기, 관광-여행, 오락-휴식, 자기계발-자기관리, 사회교류"
53322714,202211,M,20대,서울특별시,500이상700만원 미만,"관광-여행, 오락-휴식, 자기계발-자기관리, 사회교류","스포츠 관람하기, 운동-스포츠 직접하기, 관광-여행, 오락-휴식, 자기계발-자기관리, 사회교류"
53323649,202211,M,20대,서울특별시,500이상700만원 미만,"오락-휴식, 자기계발-자기관리, 사회교류","오락-휴식, 자기계발-자기관리, 사회교류"
53330711,202211,M,20대,서울특별시,500이상700만원 미만,"문화예술 직접하기, 운동-스포츠 직접하기, 관광-여행, 오락-휴식","문화예술 직접하기, 운동-스포츠 직접하기, 관광-여행, 오락-휴식"
53358081,202211,F,20대,서울특별시,500이상700만원 미만,"문화예술 관람하기, 문화예술 직접하기, 운동-스포츠 직접하기, 관광-여행, 오락-휴식, 자기계발-자기관리, 사회교류","문화예술 관람하기, 문화예술 직접하기, 운동-스포츠 직접하기, 관광-여행, 오락-휴식, 자기계발-자기관리, 사회교류"
53328633,202211,F,20대,서울특별시,500이상700만원 미만,"문화예술 관람하기, 운동-스포츠 직접하기, 오락-휴식, 자기계발-자기관리, 사회교류","문화예술 관람하기, 문화예술 직접하기, 스포츠 관람하기, 운동-스포츠 직접하기, 관광-여행, 오락-휴식, 자기계발-자기관리, 사회교류"
53336837,202211,F,30대,서울특별시,500이상700만원 미만,"문화예술 관람하기, 관광-여행, 오락-휴식, 사회교류","문화예술 관람하기, 관광-여행, 오락-휴식, 사회교류"
53352302,202211,M,30대,서울특별시,500이상700만원 미만,"운동-스포츠 직접하기, 오락-휴식","운동-스포츠 직접하기, 관광-여행, 오락-휴식"
53349064,202211,F,30대,서울특별시,500이상700만원 미만,오락-휴식,"문화예술 관람하기, 오락-휴식"
53347897,202211,F,30대,서울특별시,500이상700만원 미만,"문화예술 관람하기, 운동-스포츠 직접하기, 관광-여행, 오락-휴식, 자기계발-자기관리, 사회교류","문화예술 관람하기, 운동-스포츠 직접하기, 관광-여행, 오락-휴식, 자기계발-자기관리, 사회교류"
53347913,202211,F,30대,서울특별시,500이상700만원 미만,"문화예술 관람하기, 스포츠 관람하기, 운동-스포츠 직접하기, 관광-여행, 오락-휴식, 자기계발-자기관리, 사회교류","문화예술 관람하기, 문화예술 직접하기, 스포츠 관람하기, 운동-스포츠 직접하기, 관광-여행, 오락-휴식, 자기계발-자기관리, 사회교류"
53322773,202211,M,30대,서울특별시,500이상700만원 미만,"문화예술 관람하기, 스포츠 관람하기, 운동-스포츠 직접하기, 관광-여행, 오락-휴식, 자기계발-자기관리, 사회교류","문화예술 관람하기, 문화예술 직접하기, 스포츠 관람하기, 운동-스포츠 직접하기, 관광-여행, 오락-휴식, 자기계발-자기관리, 사회교류"
53341926,202211,F,30대,서울특별시,500이상700만원 미만,"문화예술 관람하기, 스포츠 관람하기, 운동-스포츠 직접하기, 관광-여행, 오락-휴식, 자기계발-자기관리, 사회교류","문화예술 관람하기, 문화예술 직접하기, 스포츠 관람하기, 운동-스포츠 직접하기, 관광-여행, 오락-휴식, 자기계발-자기관리, 사회교류"
53375373,202211,M,30대,서울특별시,500이상700만원 미만,"스포츠 관람하기, 운동-스포츠 직접하기, 관광-여행, 오락-휴식","스포츠 관람하기, 운동-스포츠 직접하기, 관광-여행, 오락-휴식"
53367181,202211,M,30대,서울특별시,500이상700만원 미만,"문화예술 관람하기, 스포츠 관람하기, 관광-여행, 오락-휴식, 자기계발-자기관리, 사회교류","문화예술 관람하기, 스포츠 관람하기, 운동-스포츠 직접하기, 관광-여행, 오락-휴식, 자기계발-자기관리, 사회교류"
53356377,202211,M,30대,서울특별시,500이상700만원 미만,"문화예술 관람하기, 스포츠 관람하기, 관광-여행, 오락-휴식","문화예술 관람하기, 스포츠 관람하기, 운동-스포츠 직접하기, 관광-여행, 오락-휴식, 자기계발-자기관리"
53363760,202211,M,40대,서울특별시,500이상700만원 미만,"문화예술 관람하기, 스포츠 관람하기, 운동-스포츠 직접하기, 오락-휴식","문화예술 관람하기, 스포츠 관람하기, 운동-스포츠 직접하기, 관광-여행, 오락-휴식, 자기계발-자기관리"
53334541,202211,M,40대,서울특별시,500이상700만원 미만,"운동-스포츠 직접하기, 오락-휴식","운동-스포츠 직접하기, 오락-휴식"
53341451,202211,F,30대,서울특별시,500이상700만원 미만,"문화예술 관람하기, 문화예술 직접하기, 스포츠 관람하기, 운동-스포츠 직접하기, 관광-여행, 오락-휴식, 자기계발-자기관리, 사회교류","문화예술 관람하기, 문화예술 직접하기, 스포츠 관람하기, 운동-스포츠 직접하기, 관광-여행, 오락-휴식, 자기계발-자기관리, 사회교류"
53322988,202211,M,40대,서울특별시,500이상700만원 미만,"스포츠 관람하기, 운동-스포츠 직접하기, 관광-여행, 오락-휴식, 자기계발-자기관리, 사회교류","문화예술 관람하기, 스포츠 관람하기, 운동-스포츠 직접하기, 관광-여행, 오락-휴식, 자기계발-자기관리, 사회교류"
53361477,202211,M,40대,서울특별시,500이상700만원 미만,"스포츠 관람하기, 운동-스포츠 직접하기, 관광-여행, 오락-휴식, 사회교류","문화예술 관람하기, 스포츠 관람하기, 운동-스포츠 직접하기, 관광-여행, 오락-휴식, 사회교류"
53330511,202211,M,40대,서울특별시,500이상700만원 미만,"스포츠 관람하기, 운동-스포츠 직접하기, 관광-여행, 오락-휴식, 사회교류","스포츠 관람하기, 운동-스포츠 직접하기, 관광-여행, 오락-휴식, 자기계발-자기관리, 사회교류"
53368166,202211,M,40대,서울특별시,500이상700만원 미만,"문화예술 관람하기, 관광-여행","문화예술 관람하기, 관광-여행"
53324100,202211,M,30대,서울특별시,500이상700만원 미만,"스포츠 관람하기, 관광-여행, 사회교류","문화예술 직접하기, 스포츠 관람하기, 관광-여행, 사회교류"
53323771,202211,M,30대,서울특별시,500이상700만원 미만,"문화예술 직접하기, 스포츠 관람하기, 운동-스포츠 직접하기, 자기계발-자기관리, 사회교류","문화예술 직접하기, 스포츠 관람하기, 운동-스포츠 직접하기, 자기계발-자기관리, 사회교류"
53339983,202211,M,30대,서울특별시,500이상700만원 미만,"문화예술 관람하기, 운동-스포츠 직접하기, 관광-여행, 오락-휴식, 사회교류","문화예술 관람하기, 운동-스포츠 직접하기, 관광-여행, 오락-휴식, 사회교류"
53370348,202211,M,30대,서울특별시,500이상700만원 미만,"스포츠 관람하기, 운동-스포츠 직접하기, 관광-여행, 오락-휴식, 자기계발-자기관리, 사회교류","문화예술 관람하기, 스포츠 관람하기, 운동-스포츠 직접하기, 관광-여행, 오락-휴식, 자기계발-자기관리, 사회교류"
53343227,202211,F,40대,서울특별시,500이상700만원 미만,"문화예술 관람하기, 스포츠 관람하기, 운동-스포츠 직접하기, 관광-여행, 오락-휴식, 자기계발-자기관리","문화예술 관람하기, 스포츠 관람하기, 운동-스포츠 직접하기, 관광-여행, 오락-휴식, 자기계발-자기관리"
53337528,202211,F,40대,서울특별시,500이상700만원 미만,"운동-스포츠 직접하기, 관광-여행, 오락-휴식, 사회교류","운동-스포츠 직접하기, 관광-여행, 오락-휴식, 자기계발-자기관리, 사회교류"
53322292,202211,F,40대,서울특별시,500이상700만원 미만,"오락-휴식, 사회교류","문화예술 직접하기, 오락-휴식, 사회교류"
53336423,202211,M,40대,서울특별시,500이상700만원 미만,"문화예술 관람하기, 문화예술 직접하기, 스포츠 관람하기, 운동-스포츠 직접하기, 관광-여행, 오락-휴식, 자기계발-자기관리, 사회교류","문화예술 관람하기, 문화예술 직접하기, 스포츠 관람하기, 운동-스포츠 직접하기, 관광-여행, 오락-휴식, 자기계발-자기관리, 사회교류"
53367382,202211,M,40대,서울특별시,500이상700만원 미만,"문화예술 관람하기, 운동-스포츠 직접하기, 관광-여행, 오락-휴식, 자기계발-자기관리","문화예술 관람하기, 운동-스포츠 직접하기, 관광-여행, 오락-휴식, 자기계발-자기관리"
53323843,202211,M,40대,서울특별시,500이상700만원 미만,"운동-스포츠 직접하기, 관광-여행, 오락-휴식, 사회교류","운동-스포츠 직접하기, 관광-여행, 오락-휴식, 자기계발-자기관리, 사회교류"
53360750,202211,M,40대,서울특별시,500이상700만원 미만,스포츠 관람하기,"문화예술 직접하기, 스포츠 관람하기, 자기계발-자기관리"
53363521,202211,F,40대,서울특별시,500이상700만원 미만,"문화예술 관람하기, 운동-스포츠 직접하기, 관광-여행, 오락-휴식, 사회교류","문화예술 관람하기, 스포츠 관람하기, 운동-스포츠 직접하기, 관광-여행, 오락-휴식, 자기계발-자기관리, 사회교류"
53323435,202211,F,40대,서울특별시,500이상700만원 미만,"문화예술 관람하기, 스포츠 관람하기, 운동-스포츠 직접하기, 관광-여행, 오락-휴식, 자기계발-자기관리, 사회교류","문화예술 관람하기, 스포츠 관람하기, 운동-스포츠 직접하기, 관광-여행, 오락-휴식, 자기계발-자기관리, 사회교류"
53375128,202211,F,40대,서울특별시,500이상700만원 미만,"문화예술 관람하기, 관광-여행, 오락-휴식, 자기계발-자기관리, 사회교류","문화예술 관람하기, 관광-여행, 오락-휴식, 자기계발-자기관리, 사회교류"
53363275,202211,F,40대,서울특별시,500이상700만원 미만,관광-여행,"문화예술 직접하기, 관광-여행"
53350397,202211,F,50대,서울특별시,500이상700만원 미만,"문화예술 관람하기, 스포츠 관람하기, 운동-스포츠 직접하기, 관광-여행, 오락-휴식, 자기계발-자기관리, 사회교류","문화예술 관람하기, 스포츠 관람하기, 운동-스포츠 직접하기, 관광-여행, 오락-휴식, 자기계발-자기관리, 사회교류"
53327587,202211,F,50대,서울특별시,500이상700만원 미만,문화예술 관람하기,"문화예술 관람하기, 오락-휴식"
53323121,202211,F,40대,서울특별시,500이상700만원 미만,"운동-스포츠 직접하기, 오락-휴식","문화예술 관람하기, 운동-스포츠 직접하기, 오락-휴식, 자기계발-자기관리"
53348215,202211,F,40대,서울특별시,500이상700만원 미만,"문화예술 관람하기, 관광-여행","문화예술 관람하기, 관광-여행"
53326575,202211,F,40대,서울특별시,500이상700만원 미만,"문화예술 직접하기, 운동-스포츠 직접하기, 관광-여행, 오락-휴식, 자기계발-자기관리, 사회교류","문화예술 직접하기, 운동-스포츠 직접하기, 관광-여행, 오락-휴식, 자기계발-자기관리, 사회교류"
53323676,202211,F,40대,서울특별시,500이상700만원 미만,"운동-스포츠 직접하기, 관광-여행, 오락-휴식","운동-스포츠 직접하기, 관광-여행, 오락-휴식, 자기계발-자기관리"
53367027,202211,F,50대,서울특별시,500이상700만원 미만,자기계발-자기관리,"문화예술 관람하기, 자기계발-자기관리"
53323379,202211,F,50대,서울특별시,500이상700만원 미만,"문화예술 관람하기, 문화예술 직접하기, 운동-스포츠 직접하기, 관광-여행, 오락-휴식","문화예술 관람하기, 문화예술 직접하기, 운동-스포츠 직접하기, 관광-여행, 오락-휴식"
53326569,202211,F,50대,서울특별시,500이상700만원 미만,"문화예술 관람하기, 관광-여행, 사회교류","문화예술 관람하기, 관광-여행, 사회교류"
53353000,202211,M,50대,서울특별시,500이상700만원 미만,"스포츠 관람하기, 오락-휴식","스포츠 관람하기, 오락-휴식"
53377275,202211,M,50대,서울특별시,500이상700만원 미만,"문화예술 직접하기, 스포츠 관람하기, 자기계발-자기관리","문화예술 직접하기, 스포츠 관람하기, 관광-여행, 자기계발-자기관리"
53369791,202211,M,50대,서울특별시,500이상700만원 미만,"문화예술 관람하기, 스포츠 관람하기, 운동-스포츠 직접하기, 관광-여행, 오락-휴식, 사회교류","문화예술 관람하기, 스포츠 관람하기, 운동-스포츠 직접하기, 관광-여행, 오락-휴식, 사회교류"
53363866,202211,M,50대,서울특별시,500이상700만원 미만,"문화예술 관람하기, 오락-휴식, 자기계발-자기관리","문화예술 관람하기, 오락-휴식, 자기계발-자기관리"
53345947,202211,M,50대,서울특별시,500이상700만원 미만,"문화예술 직접하기, 스포츠 관람하기, 관광-여행, 오락-휴식, 자기계발-자기관리, 사회교류","문화예술 직접하기, 스포츠 관람하기, 관광-여행, 오락-휴식, 자기계발-자기관리, 사회교류"
53338979,202211,M,50대,서울특별시,500이상700만원 미만,"스포츠 관람하기, 운동-스포츠 직접하기, 오락-휴식, 자기계발-자기관리, 사회교류","스포츠 관람하기, 운동-스포츠 직접하기, 오락-휴식, 자기계발-자기관리, 사회교류"
53353241,202211,M,50대,서울특별시,500이상700만원 미만,"문화예술 관람하기, 운동-스포츠 직접하기, 관광-여행, 자기계발-자기관리","문화예술 관람하기, 스포츠 관람하기, 운동-스포츠 직접하기, 관광-여행, 자기계발-자기관리"
53361255,202211,M,50대,서울특별시,500이상700만원 미만,"문화예술 관람하기, 운동-스포츠 직접하기, 관광-여행, 오락-휴식","문화예술 관람하기, 운동-스포츠 직접하기, 관광-여행, 오락-휴식, 자기계발-자기관리"
53365590,202211,M,50대,서울특별시,500이상700만원 미만,"운동-스포츠 직접하기, 관광-여행, 오락-휴식, 사회교류","운동-스포츠 직접하기, 관광-여행, 오락-휴식, 사회교류"
53360555,202211,F,50대,서울특별시,500이상700만원 미만,문화예술 관람하기,"문화예술 관람하기, 관광-여행"
53358266,202211,M,50대,서울특별시,500이상700만원 미만,"스포츠 관람하기, 관광-여행","스포츠 관람하기, 관광-여행, 오락-휴식, 자기계발-자기관리"
53359042,202211,M,50대,서울특별시,500이상700만원 미만,"스포츠 관람하기, 운동-스포츠 직접하기, 관광-여행, 오락-휴식, 자기계발-자기관리, 사회교류","스포츠 관람하기, 운동-스포츠 직접하기, 관광-여행, 오락-휴식, 자기계발-자기관리, 사회교류"
53355181,202211,M,50대,서울특별시,500이상700만원 미만,"스포츠 관람하기, 오락-휴식, 자기계발-자기관리, 사회교류","스포츠 관람하기, 운동-스포츠 직접하기, 관광-여행, 오락-휴식, 자기계발-자기관리, 사회교류"
53332159,202211,M,50대,서울특별시,500이상700만원 미만,"자기계발-자기관리, 사회교류","문화예술 직접하기, 운동-스포츠 직접하기, 관광-여행, 오락-휴식, 자기계발-자기관리, 사회교류"
53364213,202211,F,50대,서울특별시,500이상700만원 미만,"자기계발-자기관리, 사회교류","자기계발-자기관리, 사회교류"
53322949,202211,M,50대,서울특별시,500이상700만원 미만,"운동-스포츠 직접하기, 관광-여행","운동-스포츠 직접하기, 관광-여행"
53324336,202211,F,50대,서울특별시,500이상700만원 미만,"문화예술 관람하기, 스포츠 관람하기, 운동-스포츠 직접하기, 관광-여행, 오락-휴식, 자기계발-자기관리, 사회교류","문화예술 관람하기, 스포츠 관람하기, 운동-스포츠 직접하기, 관광-여행, 오락-휴식, 자기계발-자기관리, 사회교류"
53345150,202211,M,60대,서울특별시,500이상700만원 미만,"운동-스포츠 직접하기, 관광-여행, 오락-휴식, 사회교류","운동-스포츠 직접하기, 관광-여행, 오락-휴식, 사회교류"
53345953,202211,M,60대,서울특별시,500이상700만원 미만,"문화예술 관람하기, 운동-스포츠 직접하기, 관광-여행, 사회교류","문화예술 관람하기, 스포츠 관람하기, 운동-스포츠 직접하기, 관광-여행, 사회교류"
53322597,202211,M,60대,서울특별시,500이상700만원 미만,"문화예술 관람하기, 스포츠 관람하기, 운동-스포츠 직접하기, 관광-여행, 오락-휴식, 자기계발-자기관리","문화예술 관람하기, 문화예술 직접하기, 스포츠 관람하기, 운동-스포츠 직접하기, 관광-여행, 오락-휴식, 자기계발-자기관리"
53368337,202211,M,60대,서울특별시,500이상700만원 미만,"문화예술 관람하기, 운동-스포츠 직접하기, 관광-여행, 오락-휴식, 자기계발-자기관리, 사회교류","문화예술 관람하기, 운동-스포츠 직접하기, 관광-여행, 오락-휴식, 자기계발-자기관리, 사회교류"
53338096,202211,M,60대,서울특별시,500이상700만원 미만,사회교류,"관광-여행, 사회교류"
53324318,202211,M,60대,서울특별시,500이상700만원 미만,"문화예술 관람하기, 스포츠 관람하기, 관광-여행, 오락-휴식, 자기계발-자기관리, 사회교류","문화예술 관람하기, 문화예술 직접하기, 스포츠 관람하기, 관광-여행, 오락-휴식, 자기계발-자기관리, 사회교류"
53374704,202211,M,50대,서울특별시,500이상700만원 미만,"문화예술 관람하기, 스포츠 관람하기, 운동-스포츠 직접하기, 관광-여행, 오락-휴식, 사회교류","문화예술 관람하기, 스포츠 관람하기, 운동-스포츠 직접하기, 관광-여행, 오락-휴식, 사회교류"
53329812,202211,M,50대,서울특별시,500이상700만원 미만,"스포츠 관람하기, 운동-스포츠 직접하기, 오락-휴식, 자기계발-자기관리, 사회교류","문화예술 관람하기, 스포츠 관람하기, 운동-스포츠 직접하기, 오락-휴식, 자기계발-자기관리, 사회교류"
53329866,202211,M,50대,서울특별시,500이상700만원 미만,"문화예술 직접하기, 오락-휴식","문화예술 직접하기, 운동-스포츠 직접하기, 오락-휴식"
53355993,202211,M,50대,서울특별시,500이상700만원 미만,"문화예술 관람하기, 문화예술 직접하기, 스포츠 관람하기, 운동-스포츠 직접하기, 관광-여행, 오락-휴식, 자기계발-자기관리, 사회교류","문화예술 관람하기, 문화예술 직접하기, 스포츠 관람하기, 운동-스포츠 직접하기, 관광-여행, 오락-휴식, 자기계발-자기관리, 사회교류"
53368866,202211,M,50대,서울특별시,500이상700만원 미만,"스포츠 관람하기, 오락-휴식","스포츠 관람하기, 오락-휴식"
53325382,202211,M,60대,서울특별시,500이상700만원 미만,"문화예술 관람하기, 스포츠 관람하기, 운동-스포츠 직접하기, 관광-여행, 오락-휴식, 자기계발-자기관리, 사회교류","문화예술 관람하기, 스포츠 관람하기, 운동-스포츠 직접하기, 관광-여행, 오락-휴식, 자기계발-자기관리, 사회교류"
53366820,202211,M,60대,서울특별시,500이상700만원 미만,"운동-스포츠 직접하기, 오락-휴식, 사회교류","문화예술 관람하기, 운동-스포츠 직접하기, 오락-휴식, 사회교류"
53341437,202211,M,60대,서울특별시,500이상700만원 미만,"문화예술 관람하기, 문화예술 직접하기, 운동-스포츠 직접하기, 관광-여행, 오락-휴식, 자기계발-자기관리, 사회교류","문화예술 관람하기, 문화예술 직접하기, 운동-스포츠 직접하기, 관광-여행, 오락-휴식, 자기계발-자기관리, 사회교류"
53357146,202211,F,60대,서울특별시,500이상700만원 미만,"문화예술 관람하기, 문화예술 직접하기, 스포츠 관람하기, 운동-스포츠 직접하기, 관광-여행, 오락-휴식, 자기계발-자기관리, 사회교류","문화예술 관람하기, 문화예술 직접하기, 스포츠 관람하기, 운동-스포츠 직접하기, 관광-여행, 오락-휴식, 자기계발-자기관리, 사회교류"
53347877,202211,M,60대,서울특별시,500이상700만원 미만,"문화예술 관람하기, 스포츠 관람하기, 운동-스포츠 직접하기, 관광-여행, 오락-휴식, 사회교류","문화예술 관람하기, 스포츠 관람하기, 운동-스포츠 직접하기, 관광-여행, 오락-휴식, 사회교류"
53339595,202211,M,50대,서울특별시,500이상700만원 미만,오락-휴식,"운동-스포츠 직접하기, 오락-휴식"
53322282,202211,F,60대,서울특별시,500이상700만원 미만,"스포츠 관람하기, 운동-스포츠 직접하기, 관광-여행, 오락-휴식, 자기계발-자기관리, 사회교류","문화예술 직접하기, 스포츠 관람하기, 운동-스포츠 직접하기, 관광-여행, 오락-휴식, 자기계발-자기관리, 사회교류"
53323268,202211,F,60대,서울특별시,500이상700만원 미만,"문화예술 관람하기, 문화예술 직접하기, 운동-스포츠 직접하기, 관광-여행, 오락-휴식, 자기계발-자기관리, 사회교류","문화예술 관람하기, 문화예술 직접하기, 운동-스포츠 직접하기, 관광-여행, 오락-휴식, 자기계발-자기관리, 사회교류"
53324786,202211,F,60대,서울특별시,500이상700만원 미만,"관광-여행, 오락-휴식","문화예술 직접하기, 스포츠 관람하기, 관광-여행, 오락-휴식"
53354653,202211,F,60대,서울특별시,500이상700만원 미만,"문화예술 관람하기, 스포츠 관람하기, 관광-여행, 오락-휴식, 자기계발-자기관리, 사회교류","문화예술 관람하기, 스포츠 관람하기, 관광-여행, 오락-휴식, 자기계발-자기관리, 사회교류"
53322600,202211,F,60대,서울특별시,500이상700만원 미만,"문화예술 관람하기, 운동-스포츠 직접하기, 오락-휴식, 사회교류","문화예술 관람하기, 운동-스포츠 직접하기, 오락-휴식, 사회교류"
53324076,202211,F,60대,서울특별시,700만원 이상,"문화예술 관람하기, 문화예술 직접하기, 스포츠 관람하기, 운동-스포츠 직접하기, 관광-여행, 오락-휴식, 사회교류","문화예술 관람하기, 문화예술 직접하기, 스포츠 관람하기, 운동-스포츠 직접하기, 관광-여행, 오락-휴식, 자기계발-자기관리, 사회교류"
53322643,202211,F,60대,서울특별시,700만원 이상,"운동-스포츠 직접하기, 관광-여행, 오락-휴식, 자기계발-자기관리, 사회교류","문화예술 직접하기, 운동-스포츠 직접하기, 관광-여행, 오락-휴식, 자기계발-자기관리, 사회교류"
53323767,202211,F,60대,서울특별시,700만원 이상,"운동-스포츠 직접하기, 관광-여행, 오락-휴식, 사회교류","운동-스포츠 직접하기, 관광-여행, 오락-휴식, 사회교류"
53350914,202211,F,60대,서울특별시,700만원 이상,"운동-스포츠 직접하기, 관광-여행, 오락-휴식, 자기계발-자기관리, 사회교류","문화예술 직접하기, 운동-스포츠 직접하기, 관광-여행, 오락-휴식, 자기계발-자기관리, 사회교류"
53350381,202211,M,60대,서울특별시,700만원 이상,"스포츠 관람하기, 운동-스포츠 직접하기, 관광-여행, 오락-휴식","스포츠 관람하기, 운동-스포츠 직접하기, 관광-여행, 오락-휴식"
53356066,202211,M,60대,서울특별시,700만원 이상,"문화예술 관람하기, 운동-스포츠 직접하기, 관광-여행, 오락-휴식, 자기계발-자기관리","문화예술 관람하기, 운동-스포츠 직접하기, 관광-여행, 오락-휴식, 자기계발-자기관리"
53349083,202211,F,60대,서울특별시,700만원 이상,"문화예술 관람하기, 스포츠 관람하기, 운동-스포츠 직접하기, 관광-여행, 오락-휴식, 사회교류","문화예술 관람하기, 스포츠 관람하기, 운동-스포츠 직접하기, 관광-여행, 오락-휴식, 사회교류"
53323388,202211,F,60대,서울특별시,700만원 이상,"문화예술 관람하기, 오락-휴식, 사회교류","문화예술 관람하기, 관광-여행, 오락-휴식, 사회교류"
53369594,202211,F,60대,서울특별시,700만원 이상,"문화예술 관람하기, 관광-여행, 오락-휴식, 사회교류","문화예술 관람하기, 관광-여행, 오락-휴식, 사회교류"
53361326,202211,F,60대,서울특별시,700만원 이상,"문화예술 관람하기, 문화예술 직접하기, 스포츠 관람하기, 운동-스포츠 직접하기, 관광-여행, 오락-휴식, 사회교류","문화예술 관람하기, 문화예술 직접하기, 스포츠 관람하기, 운동-스포츠 직접하기, 관광-여행, 오락-휴식, 사회교류"
53325124,202211,F,60대,서울특별시,700만원 이상,"문화예술 관람하기, 관광-여행, 오락-휴식, 자기계발-자기관리, 사회교류","문화예술 관람하기, 관광-여행, 오락-휴식, 자기계발-자기관리, 사회교류"
53324602,202211,M,60대,서울특별시,700만원 이상,"문화예술 관람하기, 스포츠 관람하기, 관광-여행, 오락-휴식","문화예술 관람하기, 스포츠 관람하기, 관광-여행, 오락-휴식"
53337027,202211,M,60대,서울특별시,700만원 이상,"문화예술 관람하기, 스포츠 관람하기, 운동-스포츠 직접하기, 관광-여행, 오락-휴식, 자기계발-자기관리, 사회교류","문화예술 관람하기, 스포츠 관람하기, 운동-스포츠 직접하기, 관광-여행, 오락-휴식, 자기계발-자기관리, 사회교류"
53327248,202211,F,60대,서울특별시,700만원 이상,"문화예술 관람하기, 문화예술 직접하기, 운동-스포츠 직접하기, 관광-여행, 오락-휴식, 자기계발-자기관리, 사회교류","문화예술 관람하기, 문화예술 직접하기, 운동-스포츠 직접하기, 관광-여행, 오락-휴식, 자기계발-자기관리, 사회교류"
53322439,202211,F,60대,서울특별시,700만원 이상,"문화예술 관람하기, 운동-스포츠 직접하기, 오락-휴식, 자기계발-자기관리, 사회교류","문화예술 관람하기, 운동-스포츠 직접하기, 오락-휴식, 자기계발-자기관리, 사회교류"
53335459,202211,M,50대,서울특별시,700만원 이상,"문화예술 관람하기, 운동-스포츠 직접하기, 관광-여행, 오락-휴식, 자기계발-자기관리","문화예술 관람하기, 운동-스포츠 직접하기, 관광-여행, 오락-휴식, 자기계발-자기관리"
53330944,202211,M,50대,서울특별시,700만원 이상,"문화예술 관람하기, 스포츠 관람하기, 운동-스포츠 직접하기, 관광-여행, 오락-휴식","문화예술 관람하기, 스포츠 관람하기, 운동-스포츠 직접하기, 관광-여행, 오락-휴식"
53367631,202211,M,50대,서울특별시,700만원 이상,"문화예술 관람하기, 스포츠 관람하기, 운동-스포츠 직접하기, 관광-여행, 오락-휴식, 자기계발-자기관리, 사회교류","문화예술 관람하기, 스포츠 관람하기, 운동-스포츠 직접하기, 관광-여행, 오락-휴식, 자기계발-자기관리, 사회교류"
53374668,202211,M,50대,서울특별시,700만원 이상,"문화예술 관람하기, 문화예술 직접하기, 스포츠 관람하기, 운동-스포츠 직접하기, 관광-여행, 오락-휴식, 자기계발-자기관리, 사회교류","문화예술 관람하기, 문화예술 직접하기, 스포츠 관람하기, 운동-스포츠 직접하기, 관광-여행, 오락-휴식, 자기계발-자기관리, 사회교류"
53349786,202211,M,50대,서울특별시,700만원 이상,"운동-스포츠 직접하기, 오락-휴식, 자기계발-자기관리","문화예술 관람하기, 운동-스포츠 직접하기, 오락-휴식, 자기계발-자기관리"
53350850,202211,M,50대,서울특별시,700만원 이상,"스포츠 관람하기, 관광-여행, 오락-휴식","스포츠 관람하기, 관광-여행, 오락-휴식"
53344808,202211,M,50대,서울특별시,700만원 이상,"문화예술 관람하기, 스포츠 관람하기, 운동-스포츠 직접하기, 관광-여행, 오락-휴식, 자기계발-자기관리, 사회교류","문화예술 관람하기, 스포츠 관람하기, 운동-스포츠 직접하기, 관광-여행, 오락-휴식, 자기계발-자기관리, 사회교류"
53334224,202211,M,60대,서울특별시,700만원 이상,"스포츠 관람하기, 관광-여행, 오락-휴식, 사회교류","스포츠 관람하기, 관광-여행, 오락-휴식, 사회교류"
53370557,202211,M,60대,서울특별시,700만원 이상,"문화예술 관람하기, 스포츠 관람하기, 관광-여행, 오락-휴식, 자기계발-자기관리, 사회교류","문화예술 관람하기, 스포츠 관람하기, 관광-여행, 오락-휴식, 자기계발-자기관리, 사회교류"
53350337,202211,M,60대,서울특별시,700만원 이상,"스포츠 관람하기, 오락-휴식, 사회교류","스포츠 관람하기, 오락-휴식, 사회교류"
53365814,202211,M,60대,서울특별시,700만원 이상,"스포츠 관람하기, 운동-스포츠 직접하기, 오락-휴식, 사회교류","스포츠 관람하기, 운동-스포츠 직접하기, 오락-휴식, 사회교류"
53367565,202211,M,60대,서울특별시,700만원 이상,"문화예술 관람하기, 운동-스포츠 직접하기, 관광-여행, 오락-휴식, 자기계발-자기관리, 사회교류","문화예술 관람하기, 운동-스포츠 직접하기, 관광-여행, 오락-휴식, 자기계발-자기관리, 사회교류"
53323247,202211,M,60대,서울특별시,700만원 이상,"스포츠 관람하기, 운동-스포츠 직접하기, 관광-여행, 오락-휴식, 사회교류","문화예술 관람하기, 스포츠 관람하기, 운동-스포츠 직접하기, 관광-여행, 오락-휴식, 사회교류"
53375219,202211,F,50대,서울특별시,700만원 이상,"문화예술 관람하기, 관광-여행, 오락-휴식, 자기계발-자기관리, 사회교류","문화예술 관람하기, 관광-여행, 오락-휴식, 자기계발-자기관리, 사회교류"
53323433,202211,F,50대,서울특별시,700만원 이상,"문화예술 관람하기, 관광-여행, 오락-휴식, 사회교류","문화예술 관람하기, 스포츠 관람하기, 관광-여행, 오락-휴식, 사회교류"
53364711,202211,F,50대,서울특별시,700만원 이상,"문화예술 관람하기, 스포츠 관람하기, 운동-스포츠 직접하기, 오락-휴식, 자기계발-자기관리, 사회교류","문화예술 관람하기, 스포츠 관람하기, 운동-스포츠 직접하기, 오락-휴식, 자기계발-자기관리, 사회교류"
53348889,202211,F,50대,서울특별시,700만원 이상,"운동-스포츠 직접하기, 오락-휴식, 자기계발-자기관리, 사회교류","스포츠 관람하기, 운동-스포츠 직접하기, 관광-여행, 오락-휴식, 자기계발-자기관리, 사회교류"
53352389,202211,F,50대,서울특별시,700만원 이상,"운동-스포츠 직접하기, 관광-여행, 오락-휴식, 사회교류","문화예술 관람하기, 운동-스포츠 직접하기, 관광-여행, 오락-휴식, 자기계발-자기관리, 사회교류"
53322328,202211,M,50대,서울특별시,700만원 이상,"문화예술 관람하기, 스포츠 관람하기, 관광-여행, 오락-휴식, 자기계발-자기관리","문화예술 관람하기, 스포츠 관람하기, 관광-여행, 오락-휴식, 자기계발-자기관리"
53362654,202211,F,50대,서울특별시,700만원 이상,"문화예술 관람하기, 운동-스포츠 직접하기, 관광-여행, 오락-휴식, 자기계발-자기관리, 사회교류","문화예술 관람하기, 운동-스포츠 직접하기, 관광-여행, 오락-휴식, 자기계발-자기관리, 사회교류"
53358576,202211,M,50대,서울특별시,700만원 이상,"문화예술 관람하기, 스포츠 관람하기, 운동-스포츠 직접하기, 관광-여행, 오락-휴식, 자기계발-자기관리","문화예술 관람하기, 스포츠 관람하기, 운동-스포츠 직접하기, 관광-여행, 오락-휴식, 자기계발-자기관리"
53367201,202211,M,50대,서울특별시,700만원 이상,"운동-스포츠 직접하기, 관광-여행, 사회교류","운동-스포츠 직접하기, 관광-여행, 사회교류"
53369319,202211,F,50대,서울특별시,700만원 이상,"스포츠 관람하기, 운동-스포츠 직접하기, 관광-여행, 오락-휴식, 자기계발-자기관리, 사회교류","스포츠 관람하기, 운동-스포츠 직접하기, 관광-여행, 오락-휴식, 자기계발-자기관리, 사회교류"
53368886,202211,F,50대,서울특별시,700만원 이상,"문화예술 관람하기, 문화예술 직접하기, 스포츠 관람하기, 운동-스포츠 직접하기, 관광-여행, 오락-휴식, 자기계발-자기관리","문화예술 관람하기, 문화예술 직접하기, 스포츠 관람하기, 운동-스포츠 직접하기, 관광-여행, 오락-휴식, 자기계발-자기관리"
53374395,202211,M,50대,서울특별시,700만원 이상,"스포츠 관람하기, 운동-스포츠 직접하기, 관광-여행, 오락-휴식, 사회교류","문화예술 관람하기, 스포츠 관람하기, 운동-스포츠 직접하기, 관광-여행, 오락-휴식, 자기계발-자기관리, 사회교류"
53367910,202211,M,50대,서울특별시,700만원 이상,"문화예술 관람하기, 관광-여행, 오락-휴식","문화예술 관람하기, 스포츠 관람하기, 관광-여행, 오락-휴식"
53340530,202211,M,50대,서울특별시,700만원 이상,"문화예술 관람하기, 문화예술 직접하기, 스포츠 관람하기, 운동-스포츠 직접하기, 오락-휴식, 자기계발-자기관리, 사회교류","문화예술 관람하기, 문화예술 직접하기, 스포츠 관람하기, 운동-스포츠 직접하기, 오락-휴식, 자기계발-자기관리, 사회교류"
53345746,202211,M,50대,서울특별시,700만원 이상,"운동-스포츠 직접하기, 오락-휴식, 자기계발-자기관리, 사회교류","스포츠 관람하기, 운동-스포츠 직접하기, 관광-여행, 오락-휴식, 자기계발-자기관리, 사회교류"
53323031,202211,M,50대,서울특별시,700만원 이상,"운동-스포츠 직접하기, 관광-여행, 오락-휴식, 사회교류","문화예술 관람하기, 스포츠 관람하기, 운동-스포츠 직접하기, 관광-여행, 오락-휴식, 사회교류"
53323710,202211,M,50대,서울특별시,700만원 이상,"문화예술 관람하기, 운동-스포츠 직접하기, 오락-휴식","문화예술 관람하기, 운동-스포츠 직접하기, 관광-여행, 오락-휴식"
53335592,202211,F,50대,서울특별시,700만원 이상,"문화예술 관람하기, 스포츠 관람하기, 운동-스포츠 직접하기, 관광-여행, 오락-휴식, 사회교류","문화예술 관람하기, 스포츠 관람하기, 운동-스포츠 직접하기, 관광-여행, 오락-휴식, 사회교류"
53331831,202211,F,50대,서울특별시,700만원 이상,"문화예술 관람하기, 문화예술 직접하기, 스포츠 관람하기, 운동-스포츠 직접하기, 관광-여행, 오락-휴식, 사회교류","문화예술 관람하기, 문화예술 직접하기, 스포츠 관람하기, 운동-스포츠 직접하기, 관광-여행, 오락-휴식, 사회교류"
53343266,202211,M,50대,서울특별시,700만원 이상,"스포츠 관람하기, 오락-휴식","스포츠 관람하기, 오락-휴식, 자기계발-자기관리"
53345825,202211,M,50대,서울특별시,700만원 이상,"문화예술 관람하기, 문화예술 직접하기, 운동-스포츠 직접하기, 관광-여행, 오락-휴식, 자기계발-자기관리, 사회교류","문화예술 관람하기, 문화예술 직접하기, 운동-스포츠 직접하기, 관광-여행, 오락-휴식, 자기계발-자기관리, 사회교류"
53343273,202211,F,50대,서울특별시,700만원 이상,"문화예술 관람하기, 관광-여행, 오락-휴식","문화예술 관람하기, 관광-여행, 오락-휴식"
53353483,202211,F,50대,서울특별시,700만원 이상,"관광-여행, 오락-휴식, 자기계발-자기관리, 사회교류","문화예술 직접하기, 운동-스포츠 직접하기, 관광-여행, 오락-휴식, 자기계발-자기관리, 사회교류"
53352461,202211,F,50대,서울특별시,700만원 이상,"문화예술 관람하기, 문화예술 직접하기, 스포츠 관람하기, 운동-스포츠 직접하기, 관광-여행, 오락-휴식, 자기계발-자기관리, 사회교류","문화예술 관람하기, 문화예술 직접하기, 스포츠 관람하기, 운동-스포츠 직접하기, 관광-여행, 오락-휴식, 자기계발-자기관리, 사회교류"
53322654,202211,F,50대,서울특별시,700만원 이상,"문화예술 관람하기, 관광-여행, 오락-휴식, 자기계발-자기관리, 사회교류","문화예술 관람하기, 관광-여행, 오락-휴식, 자기계발-자기관리, 사회교류"
53323081,202211,F,50대,서울특별시,700만원 이상,"문화예술 관람하기, 스포츠 관람하기, 운동-스포츠 직접하기, 관광-여행, 오락-휴식, 자기계발-자기관리, 사회교류","문화예술 관람하기, 스포츠 관람하기, 운동-스포츠 직접하기, 관광-여행, 오락-휴식, 자기계발-자기관리, 사회교류"
53351240,202211,F,50대,서울특별시,700만원 이상,관광-여행,관광-여행
53353574,202211,F,50대,서울특별시,700만원 이상,"문화예술 관람하기, 운동-스포츠 직접하기, 관광-여행, 오락-휴식, 자기계발-자기관리, 사회교류","문화예술 관람하기, 운동-스포츠 직접하기, 관광-여행, 오락-휴식, 자기계발-자기관리, 사회교류"
53343038,202211,F,50대,서울특별시,700만원 이상,오락-휴식,"스포츠 관람하기, 오락-휴식"
53324767,202211,F,50대,서울특별시,700만원 이상,"문화예술 관람하기, 운동-스포츠 직접하기, 관광-여행, 오락-휴식, 사회교류","문화예술 관람하기, 운동-스포츠 직접하기, 관광-여행, 오락-휴식, 사회교류"
53324165,202211,F,40대,서울특별시,700만원 이상,"운동-스포츠 직접하기, 관광-여행, 오락-휴식, 자기계발-자기관리","문화예술 관람하기, 문화예술 직접하기, 스포츠 관람하기, 운동-스포츠 직접하기, 관광-여행, 오락-휴식, 자기계발-자기관리"
53331667,202211,F,50대,서울특별시,700만원 이상,"관광-여행, 오락-휴식, 사회교류","스포츠 관람하기, 운동-스포츠 직접하기, 관광-여행, 오락-휴식, 사회교류"
53364708,202211,F,40대,서울특별시,700만원 이상,"문화예술 관람하기, 자기계발-자기관리","문화예술 관람하기, 자기계발-자기관리"
53335551,202211,F,40대,서울특별시,700만원 이상,"문화예술 관람하기, 관광-여행, 오락-휴식, 자기계발-자기관리, 사회교류","문화예술 관람하기, 관광-여행, 오락-휴식, 자기계발-자기관리, 사회교류"
53322536,202211,F,40대,서울특별시,700만원 이상,"운동-스포츠 직접하기, 관광-여행, 오락-휴식","운동-스포츠 직접하기, 관광-여행, 오락-휴식"
53322918,202211,F,50대,서울특별시,700만원 이상,"문화예술 관람하기, 운동-스포츠 직접하기, 오락-휴식, 사회교류","문화예술 관람하기, 운동-스포츠 직접하기, 오락-휴식, 사회교류"
53351988,202211,F,50대,서울특별시,700만원 이상,"운동-스포츠 직접하기, 관광-여행, 오락-휴식","문화예술 관람하기, 운동-스포츠 직접하기, 관광-여행, 오락-휴식"
53357192,202211,F,50대,서울특별시,700만원 이상,"스포츠 관람하기, 운동-스포츠 직접하기, 관광-여행, 오락-휴식, 사회교류","스포츠 관람하기, 운동-스포츠 직접하기, 관광-여행, 오락-휴식, 사회교류"
53358518,202211,F,40대,서울특별시,700만원 이상,"문화예술 관람하기, 문화예술 직접하기, 스포츠 관람하기, 운동-스포츠 직접하기, 관광-여행, 오락-휴식, 자기계발-자기관리, 사회교류","문화예술 관람하기, 문화예술 직접하기, 스포츠 관람하기, 운동-스포츠 직접하기, 관광-여행, 오락-휴식, 자기계발-자기관리, 사회교류"
53366453,202211,F,40대,서울특별시,700만원 이상,"문화예술 관람하기, 스포츠 관람하기, 운동-스포츠 직접하기, 관광-여행, 오락-휴식, 자기계발-자기관리, 사회교류","문화예술 관람하기, 문화예술 직접하기, 스포츠 관람하기, 운동-스포츠 직접하기, 관광-여행, 오락-휴식, 자기계발-자기관리, 사회교류"
53369229,202211,F,40대,서울특별시,700만원 이상,"문화예술 관람하기, 문화예술 직접하기, 운동-스포츠 직접하기, 오락-휴식","문화예술 관람하기, 문화예술 직접하기, 스포츠 관람하기, 운동-스포츠 직접하기, 오락-휴식, 자기계발-자기관리"
53367214,202211,F,40대,서울특별시,700만원 이상,"오락-휴식, 자기계발-자기관리","오락-휴식, 자기계발-자기관리"
53334856,202211,F,40대,서울특별시,700만원 이상,"관광-여행, 오락-휴식, 사회교류","문화예술 관람하기, 관광-여행, 오락-휴식, 자기계발-자기관리, 사회교류"
53338924,202211,F,40대,서울특별시,700만원 이상,"문화예술 관람하기, 문화예술 직접하기, 스포츠 관람하기, 운동-스포츠 직접하기, 관광-여행, 오락-휴식, 자기계발-자기관리, 사회교류","문화예술 관람하기, 문화예술 직접하기, 스포츠 관람하기, 운동-스포츠 직접하기, 관광-여행, 오락-휴식, 자기계발-자기관리, 사회교류"
53344063,202211,F,40대,서울특별시,700만원 이상,자기계발-자기관리,"문화예술 관람하기, 운동-스포츠 직접하기, 자기계발-자기관리"
53359735,202211,M,40대,서울특별시,700만원 이상,"문화예술 관람하기, 문화예술 직접하기, 관광-여행, 오락-휴식, 사회교류","문화예술 관람하기, 문화예술 직접하기, 관광-여행, 오락-휴식, 자기계발-자기관리, 사회교류"
53365833,202211,M,40대,서울특별시,700만원 이상,"관광-여행, 오락-휴식, 자기계발-자기관리, 사회교류","문화예술 관람하기, 관광-여행, 오락-휴식, 자기계발-자기관리, 사회교류"
53365307,202211,M,40대,서울특별시,700만원 이상,"문화예술 관람하기, 문화예술 직접하기, 스포츠 관람하기, 운동-스포츠 직접하기, 관광-여행, 오락-휴식, 자기계발-자기관리, 사회교류","문화예술 관람하기, 문화예술 직접하기, 스포츠 관람하기, 운동-스포츠 직접하기, 관광-여행, 오락-휴식, 자기계발-자기관리, 사회교류"
53354892,202211,F,40대,서울특별시,700만원 이상,"문화예술 관람하기, 운동-스포츠 직접하기, 관광-여행, 오락-휴식, 자기계발-자기관리, 사회교류","문화예술 관람하기, 운동-스포츠 직접하기, 관광-여행, 오락-휴식, 자기계발-자기관리, 사회교류"
53374680,202211,F,40대,서울특별시,700만원 이상,"운동-스포츠 직접하기, 오락-휴식, 자기계발-자기관리, 사회교류","문화예술 관람하기, 운동-스포츠 직접하기, 관광-여행, 오락-휴식, 자기계발-자기관리, 사회교류"
53349908,202211,F,40대,서울특별시,700만원 이상,"문화예술 관람하기, 운동-스포츠 직접하기, 오락-휴식, 자기계발-자기관리, 사회교류","문화예술 관람하기, 운동-스포츠 직접하기, 관광-여행, 오락-휴식, 자기계발-자기관리, 사회교류"
53356844,202211,M,40대,서울특별시,700만원 이상,"문화예술 관람하기, 스포츠 관람하기, 운동-스포츠 직접하기, 관광-여행, 오락-휴식","문화예술 관람하기, 스포츠 관람하기, 운동-스포츠 직접하기, 관광-여행, 오락-휴식"
53375654,202211,M,40대,서울특별시,700만원 이상,"문화예술 관람하기, 스포츠 관람하기, 운동-스포츠 직접하기, 관광-여행, 사회교류","문화예술 관람하기, 문화예술 직접하기, 스포츠 관람하기, 운동-스포츠 직접하기, 관광-여행, 사회교류"
53323488,202211,M,40대,서울특별시,700만원 이상,관광-여행,관광-여행
53342459,202211,M,30대,서울특별시,700만원 이상,"운동-스포츠 직접하기, 관광-여행, 오락-휴식","운동-스포츠 직접하기, 관광-여행, 오락-휴식"
53338278,202211,M,40대,서울특별시,700만원 이상,"문화예술 관람하기, 운동-스포츠 직접하기, 관광-여행, 오락-휴식, 자기계발-자기관리, 사회교류","문화예술 관람하기, 운동-스포츠 직접하기, 관광-여행, 오락-휴식, 자기계발-자기관리, 사회교류"
53357142,202211,M,40대,서울특별시,700만원 이상,"문화예술 관람하기, 스포츠 관람하기, 운동-스포츠 직접하기, 관광-여행, 오락-휴식, 자기계발-자기관리, 사회교류","문화예술 관람하기, 스포츠 관람하기, 운동-스포츠 직접하기, 관광-여행, 오락-휴식, 자기계발-자기관리, 사회교류"
53355502,202211,F,30대,서울특별시,700만원 이상,"스포츠 관람하기, 관광-여행, 오락-휴식, 자기계발-자기관리, 사회교류","문화예술 관람하기, 스포츠 관람하기, 운동-스포츠 직접하기, 관광-여행, 오락-휴식, 자기계발-자기관리, 사회교류"
53336089,202211,M,40대,서울특별시,700만원 이상,"문화예술 관람하기, 관광-여행, 자기계발-자기관리","문화예술 관람하기, 관광-여행, 자기계발-자기관리"
53324859,202211,F,30대,서울특별시,700만원 이상,"문화예술 관람하기, 운동-스포츠 직접하기, 관광-여행, 오락-휴식, 자기계발-자기관리, 사회교류","문화예술 관람하기, 운동-스포츠 직접하기, 관광-여행, 오락-휴식, 자기계발-자기관리, 사회교류"
53334468,202211,F,30대,서울특별시,700만원 이상,"문화예술 관람하기, 운동-스포츠 직접하기, 관광-여행, 오락-휴식, 사회교류","문화예술 관람하기, 운동-스포츠 직접하기, 관광-여행, 오락-휴식, 사회교류"
53324427,202211,F,30대,서울특별시,700만원 이상,"문화예술 관람하기, 관광-여행, 오락-휴식, 자기계발-자기관리, 사회교류","문화예술 관람하기, 관광-여행, 오락-휴식, 자기계발-자기관리, 사회교류"
53364623,202211,M,30대,서울특별시,700만원 이상,"문화예술 관람하기, 운동-스포츠 직접하기, 오락-휴식","문화예술 관람하기, 운동-스포츠 직접하기, 오락-휴식"
53352233,202211,M,30대,서울특별시,700만원 이상,"문화예술 관람하기, 운동-스포츠 직접하기, 관광-여행, 오락-휴식, 자기계발-자기관리","문화예술 관람하기, 운동-스포츠 직접하기, 관광-여행, 오락-휴식, 자기계발-자기관리"
53358895,202211,F,30대,서울특별시,700만원 이상,"문화예술 관람하기, 문화예술 직접하기, 운동-스포츠 직접하기, 오락-휴식, 자기계발-자기관리, 사회교류","문화예술 관람하기, 문화예술 직접하기, 운동-스포츠 직접하기, 관광-여행, 오락-휴식, 자기계발-자기관리, 사회교류"
53371939,202211,M,30대,서울특별시,700만원 이상,"운동-스포츠 직접하기, 관광-여행","문화예술 관람하기, 운동-스포츠 직접하기, 관광-여행, 자기계발-자기관리"
53362382,202211,M,30대,서울특별시,700만원 이상,"운동-스포츠 직접하기, 관광-여행","문화예술 관람하기, 운동-스포츠 직접하기, 관광-여행"
53332845,202211,M,30대,서울특별시,700만원 이상,"스포츠 관람하기, 운동-스포츠 직접하기, 관광-여행, 오락-휴식, 자기계발-자기관리","문화예술 관람하기, 스포츠 관람하기, 운동-스포츠 직접하기, 관광-여행, 오락-휴식, 자기계발-자기관리, 사회교류"
53334375,202211,F,30대,서울특별시,700만원 이상,"문화예술 관람하기, 오락-휴식, 자기계발-자기관리, 사회교류","문화예술 관람하기, 관광-여행, 오락-휴식, 자기계발-자기관리, 사회교류"
53363710,202211,F,30대,서울특별시,700만원 이상,"스포츠 관람하기, 관광-여행, 오락-휴식, 자기계발-자기관리, 사회교류","스포츠 관람하기, 관광-여행, 오락-휴식, 자기계발-자기관리, 사회교류"
53369310,202211,F,30대,서울특별시,700만원 이상,사회교류,사회교류
53355666,202211,F,30대,서울특별시,700만원 이상,"스포츠 관람하기, 운동-스포츠 직접하기, 관광-여행, 오락-휴식, 자기계발-자기관리, 사회교류","스포츠 관람하기, 운동-스포츠 직접하기, 관광-여행, 오락-휴식, 자기계발-자기관리, 사회교류"
53349224,202211,F,20대,서울특별시,700만원 이상,"오락-휴식, 자기계발-자기관리","문화예술 관람하기, 오락-휴식, 자기계발-자기관리"
53323516,202211,F,20대,서울특별시,700만원 이상,"문화예술 관람하기, 스포츠 관람하기, 운동-스포츠 직접하기, 관광-여행, 오락-휴식, 자기계발-자기관리, 사회교류","문화예술 관람하기, 문화예술 직접하기, 스포츠 관람하기, 운동-스포츠 직접하기, 관광-여행, 오락-휴식, 자기계발-자기관리, 사회교류"
53342228,202211,F,20대,서울특별시,700만원 이상,"문화예술 관람하기, 관광-여행, 오락-휴식, 자기계발-자기관리, 사회교류","문화예술 관람하기, 관광-여행, 오락-휴식, 자기계발-자기관리, 사회교류"
53322847,202211,F,20대,서울특별시,700만원 이상,"관광-여행, 오락-휴식, 자기계발-자기관리, 사회교류","문화예술 관람하기, 관광-여행, 오락-휴식, 자기계발-자기관리, 사회교류"
53322854,202211,F,20대,서울특별시,700만원 이상,"문화예술 관람하기, 운동-스포츠 직접하기, 관광-여행, 오락-휴식, 자기계발-자기관리, 사회교류","문화예술 관람하기, 운동-스포츠 직접하기, 관광-여행, 오락-휴식, 자기계발-자기관리, 사회교류"
53341941,202211,M,20대,서울특별시,700만원 이상,"운동-스포츠 직접하기, 오락-휴식, 자기계발-자기관리, 사회교류","운동-스포츠 직접하기, 관광-여행, 오락-휴식, 자기계발-자기관리, 사회교류"
53325135,202211,F,20대,서울특별시,700만원 이상,"문화예술 관람하기, 운동-스포츠 직접하기, 관광-여행, 오락-휴식, 자기계발-자기관리, 사회교류","문화예술 관람하기, 스포츠 관람하기, 운동-스포츠 직접하기, 관광-여행, 오락-휴식, 자기계발-자기관리, 사회교류"
53329222,202211,M,20대,서울특별시,700만원 이상,"문화예술 관람하기, 스포츠 관람하기, 운동-스포츠 직접하기, 오락-휴식, 자기계발-자기관리","문화예술 관람하기, 문화예술 직접하기, 스포츠 관람하기, 운동-스포츠 직접하기, 관광-여행, 오락-휴식, 자기계발-자기관리, 사회교류"
53352270,202211,M,20대,서울특별시,700만원 이상,관광-여행,관광-여행
53333488,202211,M,20대,부산광역시,700만원 이상,"문화예술 직접하기, 운동-스포츠 직접하기, 자기계발-자기관리","문화예술 관람하기, 문화예술 직접하기, 운동-스포츠 직접하기, 관광-여행, 자기계발-자기관리"
53348501,202211,M,20대,부산광역시,700만원 이상,"스포츠 관람하기, 운동-스포츠 직접하기, 관광-여행, 오락-휴식, 자기계발-자기관리, 사회교류","스포츠 관람하기, 운동-스포츠 직접하기, 관광-여행, 오락-휴식, 자기계발-자기관리, 사회교류"
53333881,202211,M,20대,부산광역시,700만원 이상,"문화예술 관람하기, 스포츠 관람하기, 운동-스포츠 직접하기, 관광-여행, 오락-휴식, 자기계발-자기관리, 사회교류","문화예술 관람하기, 스포츠 관람하기, 운동-스포츠 직접하기, 관광-여행, 오락-휴식, 자기계발-자기관리, 사회교류"
53349342,202211,F,20대,부산광역시,700만원 이상,"문화예술 관람하기, 운동-스포츠 직접하기, 관광-여행, 오락-휴식, 자기계발-자기관리, 사회교류","문화예술 관람하기, 문화예술 직접하기, 스포츠 관람하기, 운동-스포츠 직접하기, 관광-여행, 오락-휴식, 자기계발-자기관리, 사회교류"
53341718,202211,F,20대,부산광역시,700만원 이상,"문화예술 관람하기, 관광-여행, 오락-휴식, 사회교류","문화예술 관람하기, 관광-여행, 오락-휴식, 사회교류"
53339651,202211,M,30대,부산광역시,700만원 이상,"문화예술 관람하기, 스포츠 관람하기, 관광-여행, 오락-휴식, 사회교류","문화예술 관람하기, 스포츠 관람하기, 관광-여행, 오락-휴식, 사회교류"
53356949,202211,M,40대,부산광역시,700만원 이상,"관광-여행, 오락-휴식","문화예술 관람하기, 관광-여행, 오락-휴식"
53348483,202211,M,40대,부산광역시,700만원 이상,"문화예술 관람하기, 문화예술 직접하기, 운동-스포츠 직접하기, 관광-여행, 오락-휴식, 사회교류","문화예술 관람하기, 문화예술 직접하기, 스포츠 관람하기, 운동-스포츠 직접하기, 관광-여행, 오락-휴식, 사회교류"
53340808,202211,F,40대,부산광역시,700만원 이상,"관광-여행, 자기계발-자기관리","관광-여행, 자기계발-자기관리"
53373857,202211,M,40대,부산광역시,700만원 이상,"스포츠 관람하기, 운동-스포츠 직접하기, 관광-여행, 오락-휴식, 자기계발-자기관리, 사회교류","스포츠 관람하기, 운동-스포츠 직접하기, 관광-여행, 오락-휴식, 자기계발-자기관리, 사회교류"
53368101,202211,M,40대,부산광역시,700만원 이상,"문화예술 관람하기, 스포츠 관람하기, 운동-스포츠 직접하기, 관광-여행, 오락-휴식, 자기계발-자기관리, 사회교류","문화예술 관람하기, 스포츠 관람하기, 운동-스포츠 직접하기, 관광-여행, 오락-휴식, 자기계발-자기관리, 사회교류"
53330322,202211,M,40대,부산광역시,700만원 이상,"문화예술 관람하기, 스포츠 관람하기, 관광-여행, 오락-휴식","문화예술 관람하기, 스포츠 관람하기, 관광-여행, 오락-휴식"
53365906,202211,M,40대,부산광역시,700만원 이상,"스포츠 관람하기, 운동-스포츠 직접하기, 관광-여행, 오락-휴식, 자기계발-자기관리, 사회교류","스포츠 관람하기, 운동-스포츠 직접하기, 관광-여행, 오락-휴식, 자기계발-자기관리, 사회교류"
53370771,202211,F,40대,부산광역시,700만원 이상,"문화예술 관람하기, 문화예술 직접하기, 스포츠 관람하기, 운동-스포츠 직접하기, 관광-여행, 오락-휴식, 자기계발-자기관리, 사회교류","문화예술 관람하기, 문화예술 직접하기, 스포츠 관람하기, 운동-스포츠 직접하기, 관광-여행, 오락-휴식, 자기계발-자기관리, 사회교류"
53333007,202211,F,40대,부산광역시,700만원 이상,"문화예술 직접하기, 운동-스포츠 직접하기, 관광-여행, 오락-휴식, 자기계발-자기관리, 사회교류","문화예술 직접하기, 운동-스포츠 직접하기, 관광-여행, 오락-휴식, 자기계발-자기관리, 사회교류"
53356839,202211,M,40대,부산광역시,700만원 이상,"운동-스포츠 직접하기, 관광-여행, 오락-휴식, 사회교류","문화예술 관람하기, 운동-스포츠 직접하기, 관광-여행, 오락-휴식, 사회교류"
53336686,202211,F,50대,부산광역시,700만원 이상,"문화예술 관람하기, 운동-스포츠 직접하기, 관광-여행, 오락-휴식, 자기계발-자기관리, 사회교류","문화예술 관람하기, 스포츠 관람하기, 운동-스포츠 직접하기, 관광-여행, 오락-휴식, 자기계발-자기관리, 사회교류"
53335550,202211,F,50대,부산광역시,700만원 이상,"문화예술 관람하기, 문화예술 직접하기, 관광-여행, 오락-휴식, 자기계발-자기관리, 사회교류","문화예술 관람하기, 문화예술 직접하기, 관광-여행, 오락-휴식, 자기계발-자기관리, 사회교류"
53334331,202211,F,50대,부산광역시,700만원 이상,"문화예술 관람하기, 스포츠 관람하기, 운동-스포츠 직접하기, 관광-여행, 오락-휴식, 자기계발-자기관리, 사회교류","문화예술 관람하기, 스포츠 관람하기, 운동-스포츠 직접하기, 관광-여행, 오락-휴식, 자기계발-자기관리, 사회교류"
53347829,202211,F,50대,부산광역시,700만원 이상,"문화예술 관람하기, 관광-여행, 오락-휴식, 자기계발-자기관리, 사회교류","문화예술 관람하기, 관광-여행, 오락-휴식, 자기계발-자기관리, 사회교류"
53332612,202211,F,50대,부산광역시,700만원 이상,"문화예술 관람하기, 운동-스포츠 직접하기, 관광-여행, 오락-휴식, 자기계발-자기관리, 사회교류","문화예술 관람하기, 문화예술 직접하기, 운동-스포츠 직접하기, 관광-여행, 오락-휴식, 자기계발-자기관리, 사회교류"
53363015,202211,F,50대,부산광역시,700만원 이상,"문화예술 직접하기, 관광-여행, 오락-휴식, 자기계발-자기관리, 사회교류","문화예술 직접하기, 관광-여행, 오락-휴식, 자기계발-자기관리, 사회교류"
53372041,202211,M,50대,부산광역시,700만원 이상,"문화예술 관람하기, 운동-스포츠 직접하기, 관광-여행, 오락-휴식, 자기계발-자기관리, 사회교류","문화예술 관람하기, 운동-스포츠 직접하기, 관광-여행, 오락-휴식, 자기계발-자기관리, 사회교류"
53353618,202211,M,50대,부산광역시,700만원 이상,"운동-스포츠 직접하기, 관광-여행, 오락-휴식","운동-스포츠 직접하기, 관광-여행, 오락-휴식"
53327761,202211,M,50대,부산광역시,700만원 이상,"문화예술 관람하기, 스포츠 관람하기, 운동-스포츠 직접하기, 관광-여행, 오락-휴식, 자기계발-자기관리, 사회교류","문화예술 관람하기, 스포츠 관람하기, 운동-스포츠 직접하기, 관광-여행, 오락-휴식, 자기계발-자기관리, 사회교류"
53339615,202211,M,50대,부산광역시,700만원 이상,"운동-스포츠 직접하기, 관광-여행, 오락-휴식","운동-스포츠 직접하기, 관광-여행, 오락-휴식"
53337552,202211,M,60대,부산광역시,700만원 이상,"운동-스포츠 직접하기, 관광-여행, 오락-휴식","운동-스포츠 직접하기, 관광-여행, 오락-휴식"
53351107,202211,M,50대,부산광역시,700만원 이상,"문화예술 관람하기, 스포츠 관람하기, 운동-스포츠 직접하기, 오락-휴식, 자기계발-자기관리","문화예술 관람하기, 문화예술 직접하기, 스포츠 관람하기, 운동-스포츠 직접하기, 오락-휴식, 자기계발-자기관리"
53326887,202211,M,60대,부산광역시,700만원 이상,"운동-스포츠 직접하기, 관광-여행, 오락-휴식, 자기계발-자기관리, 사회교류","문화예술 직접하기, 운동-스포츠 직접하기, 관광-여행, 오락-휴식, 자기계발-자기관리, 사회교류"
53326822,202211,M,60대,부산광역시,700만원 이상,"스포츠 관람하기, 운동-스포츠 직접하기, 관광-여행, 오락-휴식, 자기계발-자기관리, 사회교류","문화예술 관람하기, 스포츠 관람하기, 운동-스포츠 직접하기, 관광-여행, 오락-휴식, 자기계발-자기관리, 사회교류"
53370974,202211,M,50대,부산광역시,700만원 이상,"문화예술 관람하기, 스포츠 관람하기, 운동-스포츠 직접하기, 관광-여행, 오락-휴식, 자기계발-자기관리, 사회교류","문화예술 관람하기, 스포츠 관람하기, 운동-스포츠 직접하기, 관광-여행, 오락-휴식, 자기계발-자기관리, 사회교류"
53339481,202211,M,50대,부산광역시,700만원 이상,"문화예술 관람하기, 운동-스포츠 직접하기, 관광-여행","문화예술 관람하기, 운동-스포츠 직접하기, 관광-여행"
53350238,202211,F,60대,부산광역시,700만원 이상,"문화예술 관람하기, 스포츠 관람하기, 관광-여행, 오락-휴식, 사회교류","문화예술 관람하기, 스포츠 관람하기, 관광-여행, 오락-휴식, 사회교류"
53337632,202211,M,60대,대전광역시,700만원 이상,"운동-스포츠 직접하기, 관광-여행","운동-스포츠 직접하기, 관광-여행"
53340543,202211,F,40대,대전광역시,700만원 이상,"문화예술 직접하기, 관광-여행, 오락-휴식, 자기계발-자기관리, 사회교류","문화예술 관람하기, 문화예술 직접하기, 관광-여행, 오락-휴식, 자기계발-자기관리, 사회교류"
53357265,202211,M,40대,대전광역시,700만원 이상,"문화예술 관람하기, 운동-스포츠 직접하기, 관광-여행","문화예술 관람하기, 운동-스포츠 직접하기, 관광-여행"
53328654,202211,M,40대,대전광역시,700만원 이상,"문화예술 관람하기, 스포츠 관람하기, 운동-스포츠 직접하기, 관광-여행, 오락-휴식, 자기계발-자기관리, 사회교류","문화예술 관람하기, 문화예술 직접하기, 스포츠 관람하기, 운동-스포츠 직접하기, 관광-여행, 오락-휴식, 자기계발-자기관리, 사회교류"
53344920,202211,F,50대,대전광역시,700만원 이상,"운동-스포츠 직접하기, 사회교류","운동-스포츠 직접하기, 사회교류"
53331527,202211,F,50대,대전광역시,700만원 이상,"운동-스포츠 직접하기, 자기계발-자기관리, 사회교류","운동-스포츠 직접하기, 자기계발-자기관리, 사회교류"
53356685,202211,F,50대,대전광역시,700만원 이상,"문화예술 관람하기, 운동-스포츠 직접하기, 관광-여행, 오락-휴식, 자기계발-자기관리, 사회교류","문화예술 관람하기, 운동-스포츠 직접하기, 관광-여행, 오락-휴식, 자기계발-자기관리, 사회교류"
53373623,202211,M,50대,대전광역시,700만원 이상,"문화예술 직접하기, 스포츠 관람하기, 운동-스포츠 직접하기, 관광-여행, 오락-휴식","문화예술 관람하기, 문화예술 직접하기, 스포츠 관람하기, 운동-스포츠 직접하기, 관광-여행, 오락-휴식"
53355721,202211,M,50대,대전광역시,700만원 이상,"문화예술 관람하기, 스포츠 관람하기, 운동-스포츠 직접하기, 관광-여행, 오락-휴식","문화예술 관람하기, 스포츠 관람하기, 운동-스포츠 직접하기, 관광-여행, 오락-휴식, 자기계발-자기관리"
53328666,202211,M,50대,대전광역시,700만원 이상,"문화예술 관람하기, 스포츠 관람하기, 운동-스포츠 직접하기, 관광-여행, 오락-휴식, 자기계발-자기관리, 사회교류","문화예술 관람하기, 스포츠 관람하기, 운동-스포츠 직접하기, 관광-여행, 오락-휴식, 자기계발-자기관리, 사회교류"
53374469,202211,M,50대,대전광역시,700만원 이상,"문화예술 관람하기, 스포츠 관람하기, 관광-여행, 오락-휴식, 자기계발-자기관리","문화예술 관람하기, 스포츠 관람하기, 관광-여행, 오락-휴식, 자기계발-자기관리"
53328883,202211,M,40대,대전광역시,700만원 이상,"스포츠 관람하기, 운동-스포츠 직접하기, 관광-여행, 오락-휴식, 사회교류","스포츠 관람하기, 운동-스포츠 직접하기, 관광-여행, 오락-휴식, 사회교류"
53374479,202211,M,20대,대전광역시,700만원 이상,"오락-휴식, 사회교류","운동-스포츠 직접하기, 관광-여행, 오락-휴식, 자기계발-자기관리, 사회교류"
53372236,202211,F,20대,대전광역시,700만원 이상,"문화예술 관람하기, 스포츠 관람하기, 운동-스포츠 직접하기, 관광-여행, 오락-휴식, 자기계발-자기관리, 사회교류","문화예술 관람하기, 스포츠 관람하기, 운동-스포츠 직접하기, 관광-여행, 오락-휴식, 자기계발-자기관리, 사회교류"
53362736,202211,F,20대,대구광역시,700만원 이상,"문화예술 관람하기, 스포츠 관람하기, 운동-스포츠 직접하기, 관광-여행, 오락-휴식, 자기계발-자기관리, 사회교류","문화예술 관람하기, 스포츠 관람하기, 운동-스포츠 직접하기, 관광-여행, 오락-휴식, 자기계발-자기관리, 사회교류"
53359698,202211,F,20대,대구광역시,700만원 이상,"문화예술 관람하기, 문화예술 직접하기, 스포츠 관람하기, 운동-스포츠 직접하기, 관광-여행, 오락-휴식, 자기계발-자기관리, 사회교류","문화예술 관람하기, 문화예술 직접하기, 스포츠 관람하기, 운동-스포츠 직접하기, 관광-여행, 오락-휴식, 자기계발-자기관리, 사회교류"
53330752,202211,F,30대,대구광역시,700만원 이상,"스포츠 관람하기, 관광-여행","스포츠 관람하기, 관광-여행"
53356170,202211,F,20대,대구광역시,700만원 이상,"운동-스포츠 직접하기, 관광-여행, 오락-휴식, 자기계발-자기관리","운동-스포츠 직접하기, 관광-여행, 오락-휴식, 자기계발-자기관리"
53362827,202211,M,30대,대구광역시,700만원 이상,관광-여행,관광-여행
53344025,202211,F,30대,대구광역시,700만원 이상,"운동-스포츠 직접하기, 관광-여행, 오락-휴식, 자기계발-자기관리, 사회교류","운동-스포츠 직접하기, 관광-여행, 오락-휴식, 자기계발-자기관리, 사회교류"
53342526,202211,M,30대,대구광역시,700만원 이상,자기계발-자기관리,자기계발-자기관리
53341755,202211,M,40대,대구광역시,700만원 이상,"스포츠 관람하기, 운동-스포츠 직접하기, 관광-여행, 오락-휴식, 사회교류","문화예술 관람하기, 문화예술 직접하기, 스포츠 관람하기, 운동-스포츠 직접하기, 관광-여행, 오락-휴식, 자기계발-자기관리, 사회교류"
53339354,202211,M,40대,대구광역시,700만원 이상,"문화예술 관람하기, 스포츠 관람하기, 운동-스포츠 직접하기, 관광-여행, 오락-휴식, 자기계발-자기관리, 사회교류","문화예술 관람하기, 문화예술 직접하기, 스포츠 관람하기, 운동-스포츠 직접하기, 관광-여행, 오락-휴식, 자기계발-자기관리, 사회교류"
53375631,202211,M,40대,대구광역시,700만원 이상,"문화예술 관람하기, 스포츠 관람하기, 운동-스포츠 직접하기, 관광-여행, 오락-휴식, 자기계발-자기관리, 사회교류","문화예술 관람하기, 스포츠 관람하기, 운동-스포츠 직접하기, 관광-여행, 오락-휴식, 자기계발-자기관리, 사회교류"
53371152,202211,F,40대,대구광역시,700만원 이상,오락-휴식,"스포츠 관람하기, 오락-휴식"
53356750,202211,M,40대,대구광역시,700만원 이상,"운동-스포츠 직접하기, 관광-여행, 오락-휴식, 자기계발-자기관리","스포츠 관람하기, 운동-스포츠 직접하기, 관광-여행, 오락-휴식, 자기계발-자기관리"
53349475,202211,F,50대,대구광역시,700만원 이상,"문화예술 관람하기, 스포츠 관람하기, 운동-스포츠 직접하기, 관광-여행, 오락-휴식, 자기계발-자기관리, 사회교류","문화예술 관람하기, 문화예술 직접하기, 스포츠 관람하기, 운동-스포츠 직접하기, 관광-여행, 오락-휴식, 자기계발-자기관리, 사회교류"
53330225,202211,M,50대,대구광역시,700만원 이상,"스포츠 관람하기, 운동-스포츠 직접하기, 관광-여행, 오락-휴식, 자기계발-자기관리","스포츠 관람하기, 운동-스포츠 직접하기, 관광-여행, 오락-휴식, 자기계발-자기관리"
53325548,202211,M,50대,대구광역시,700만원 이상,"문화예술 관람하기, 스포츠 관람하기, 운동-스포츠 직접하기, 관광-여행, 오락-휴식, 자기계발-자기관리, 사회교류","문화예술 관람하기, 스포츠 관람하기, 운동-스포츠 직접하기, 관광-여행, 오락-휴식, 자기계발-자기관리, 사회교류"
53358083,202211,M,60대,대구광역시,700만원 이상,"운동-스포츠 직접하기, 오락-휴식, 자기계발-자기관리, 사회교류","문화예술 관람하기, 운동-스포츠 직접하기, 관광-여행, 오락-휴식, 자기계발-자기관리, 사회교류"
53350557,202211,M,60대,대구광역시,700만원 이상,"문화예술 관람하기, 스포츠 관람하기, 운동-스포츠 직접하기, 관광-여행, 오락-휴식, 자기계발-자기관리, 사회교류","문화예술 관람하기, 스포츠 관람하기, 운동-스포츠 직접하기, 관광-여행, 오락-휴식, 자기계발-자기관리, 사회교류"
53344044,202211,M,60대,대구광역시,700만원 이상,"문화예술 직접하기, 스포츠 관람하기, 운동-스포츠 직접하기, 관광-여행, 오락-휴식, 자기계발-자기관리, 사회교류","문화예술 직접하기, 스포츠 관람하기, 운동-스포츠 직접하기, 관광-여행, 오락-휴식, 자기계발-자기관리, 사회교류"
53344078,202211,M,50대,대구광역시,700만원 이상,"문화예술 관람하기, 문화예술 직접하기, 스포츠 관람하기, 운동-스포츠 직접하기, 관광-여행, 오락-휴식, 자기계발-자기관리","문화예술 관람하기, 문화예술 직접하기, 스포츠 관람하기, 운동-스포츠 직접하기, 관광-여행, 오락-휴식, 자기계발-자기관리"
53353359,202211,M,50대,대구광역시,700만원 이상,관광-여행,관광-여행
53341803,202211,M,50대,대구광역시,700만원 이상,"스포츠 관람하기, 운동-스포츠 직접하기, 관광-여행, 자기계발-자기관리","스포츠 관람하기, 운동-스포츠 직접하기, 관광-여행, 자기계발-자기관리"
53356479,202211,M,60대,대구광역시,700만원 이상,"문화예술 직접하기, 스포츠 관람하기, 운동-스포츠 직접하기, 관광-여행","문화예술 직접하기, 스포츠 관람하기, 운동-스포츠 직접하기, 관광-여행"
53361779,202211,F,60대,대구광역시,700만원 이상,"문화예술 관람하기, 스포츠 관람하기, 관광-여행, 오락-휴식, 사회교류","문화예술 관람하기, 스포츠 관람하기, 관광-여행, 오락-휴식, 사회교류"
53365734,202211,F,60대,광주광역시,700만원 이상,"문화예술 관람하기, 스포츠 관람하기, 관광-여행, 오락-휴식, 자기계발-자기관리, 사회교류","문화예술 관람하기, 스포츠 관람하기, 관광-여행, 오락-휴식, 자기계발-자기관리, 사회교류"
53371914,202211,F,60대,광주광역시,700만원 이상,"운동-스포츠 직접하기, 관광-여행, 자기계발-자기관리, 사회교류","문화예술 직접하기, 운동-스포츠 직접하기, 관광-여행, 자기계발-자기관리, 사회교류"
53360433,202211,M,60대,광주광역시,700만원 이상,"문화예술 관람하기, 운동-스포츠 직접하기, 관광-여행, 오락-휴식","문화예술 관람하기, 운동-스포츠 직접하기, 관광-여행, 오락-휴식"
53377050,202211,F,50대,광주광역시,700만원 이상,"문화예술 관람하기, 운동-스포츠 직접하기, 관광-여행, 오락-휴식, 자기계발-자기관리, 사회교류","문화예술 관람하기, 스포츠 관람하기, 운동-스포츠 직접하기, 관광-여행, 오락-휴식, 자기계발-자기관리, 사회교류"
53366971,202211,F,50대,광주광역시,700만원 이상,"스포츠 관람하기, 관광-여행, 오락-휴식, 자기계발-자기관리, 사회교류","문화예술 관람하기, 스포츠 관람하기, 관광-여행, 오락-휴식, 자기계발-자기관리, 사회교류"
53334717,202211,F,40대,광주광역시,700만원 이상,"문화예술 관람하기, 문화예술 직접하기, 스포츠 관람하기, 운동-스포츠 직접하기, 오락-휴식, 자기계발-자기관리","문화예술 관람하기, 문화예술 직접하기, 스포츠 관람하기, 운동-스포츠 직접하기, 관광-여행, 오락-휴식, 자기계발-자기관리, 사회교류"
53359156,202211,F,40대,광주광역시,700만원 이상,"문화예술 직접하기, 오락-휴식, 자기계발-자기관리, 사회교류","문화예술 관람하기, 문화예술 직접하기, 관광-여행, 오락-휴식, 자기계발-자기관리, 사회교류"
53363831,202211,F,40대,광주광역시,700만원 이상,"문화예술 관람하기, 스포츠 관람하기, 운동-스포츠 직접하기, 관광-여행, 오락-휴식, 자기계발-자기관리, 사회교류","문화예술 관람하기, 문화예술 직접하기, 스포츠 관람하기, 운동-스포츠 직접하기, 관광-여행, 오락-휴식, 자기계발-자기관리, 사회교류"
53325619,202211,M,30대,광주광역시,700만원 이상,"문화예술 관람하기, 오락-휴식, 사회교류","문화예술 관람하기, 스포츠 관람하기, 관광-여행, 오락-휴식, 사회교류"
53338186,202211,F,30대,광주광역시,700만원 이상,"오락-휴식, 자기계발-자기관리, 사회교류","오락-휴식, 자기계발-자기관리, 사회교류"
53335424,202211,F,20대,광주광역시,700만원 이상,"문화예술 관람하기, 관광-여행, 오락-휴식, 자기계발-자기관리, 사회교류","문화예술 관람하기, 스포츠 관람하기, 관광-여행, 오락-휴식, 자기계발-자기관리, 사회교류"
53359456,202211,F,20대,광주광역시,700만원 이상,"문화예술 관람하기, 스포츠 관람하기, 운동-스포츠 직접하기, 관광-여행, 오락-휴식, 자기계발-자기관리","문화예술 관람하기, 문화예술 직접하기, 스포츠 관람하기, 운동-스포츠 직접하기, 관광-여행, 오락-휴식, 자기계발-자기관리"
1000001,202211,F,20대,광주광역시,700만원 이상,자기계발-자기관리,자기계발-자기관리
53369191,202211,F,20대,경상북도,700만원 이상,"문화예술 관람하기, 운동-스포츠 직접하기, 관광-여행, 오락-휴식","문화예술 관람하기, 문화예술 직접하기, 운동-스포츠 직접하기, 관광-여행, 오락-휴식"
53349707,202211,F,30대,경상북도,700만원 이상,"스포츠 관람하기, 관광-여행, 오락-휴식, 자기계발-자기관리","문화예술 관람하기, 스포츠 관람하기, 관광-여행, 오락-휴식, 자기계발-자기관리"
53372107,202211,M,40대,경상북도,700만원 이상,"문화예술 관람하기, 문화예술 직접하기, 스포츠 관람하기, 운동-스포츠 직접하기, 자기계발-자기관리","문화예술 관람하기, 문화예술 직접하기, 스포츠 관람하기, 운동-스포츠 직접하기, 자기계발-자기관리"
53353185,202211,M,40대,경상북도,700만원 이상,"운동-스포츠 직접하기, 오락-휴식","문화예술 관람하기, 운동-스포츠 직접하기, 오락-휴식"
53353635,202211,F,40대,경상북도,700만원 이상,"스포츠 관람하기, 운동-스포츠 직접하기, 관광-여행, 오락-휴식, 사회교류","스포츠 관람하기, 운동-스포츠 직접하기, 관광-여행, 오락-휴식, 사회교류"
53370001,202211,M,50대,경상북도,700만원 이상,"문화예술 관람하기, 스포츠 관람하기, 운동-스포츠 직접하기, 관광-여행, 오락-휴식, 자기계발-자기관리, 사회교류","문화예술 관람하기, 스포츠 관람하기, 운동-스포츠 직접하기, 관광-여행, 오락-휴식, 자기계발-자기관리, 사회교류"
53343932,202211,F,50대,경상북도,700만원 이상,"문화예술 관람하기, 운동-스포츠 직접하기, 관광-여행, 오락-휴식, 사회교류","문화예술 관람하기, 운동-스포츠 직접하기, 관광-여행, 오락-휴식, 사회교류"
53342656,202211,M,50대,경상북도,700만원 이상,"관광-여행, 오락-휴식, 사회교류","문화예술 관람하기, 스포츠 관람하기, 관광-여행, 오락-휴식, 사회교류"
53376885,202211,M,60대,경상북도,700만원 이상,"문화예술 관람하기, 스포츠 관람하기, 운동-스포츠 직접하기, 관광-여행, 오락-휴식, 자기계발-자기관리","문화예술 관람하기, 스포츠 관람하기, 운동-스포츠 직접하기, 관광-여행, 오락-휴식, 자기계발-자기관리"
53364407,202211,F,60대,경상남도,700만원 이상,"운동-스포츠 직접하기, 관광-여행, 오락-휴식, 자기계발-자기관리, 사회교류","문화예술 관람하기, 운동-스포츠 직접하기, 관광-여행, 오락-휴식, 자기계발-자기관리, 사회교류"
53375657,202211,F,60대,경상남도,700만원 이상,"문화예술 관람하기, 운동-스포츠 직접하기, 관광-여행, 오락-휴식, 자기계발-자기관리, 사회교류","문화예술 관람하기, 운동-스포츠 직접하기, 관광-여행, 오락-휴식, 자기계발-자기관리, 사회교류"
53370419,202211,M,60대,경상남도,700만원 이상,"문화예술 관람하기, 운동-스포츠 직접하기, 관광-여행, 자기계발-자기관리","문화예술 관람하기, 운동-스포츠 직접하기, 관광-여행, 자기계발-자기관리"
53363871,202211,M,60대,경상남도,700만원 이상,"문화예술 관람하기, 스포츠 관람하기, 운동-스포츠 직접하기, 관광-여행, 오락-휴식","문화예술 관람하기, 스포츠 관람하기, 운동-스포츠 직접하기, 관광-여행, 오락-휴식"
53336299,202211,M,50대,경상남도,700만원 이상,"문화예술 관람하기, 관광-여행","문화예술 관람하기, 관광-여행"
53369224,202211,M,50대,경상남도,700만원 이상,"운동-스포츠 직접하기, 오락-휴식, 자기계발-자기관리, 사회교류","운동-스포츠 직접하기, 오락-휴식, 자기계발-자기관리, 사회교류"
53360434,202211,F,50대,경상남도,700만원 이상,"운동-스포츠 직접하기, 관광-여행","문화예술 직접하기, 운동-스포츠 직접하기, 관광-여행"
53366285,202211,M,50대,경상남도,700만원 이상,"운동-스포츠 직접하기, 관광-여행, 오락-휴식, 자기계발-자기관리","문화예술 관람하기, 운동-스포츠 직접하기, 관광-여행, 오락-휴식, 자기계발-자기관리"
53376479,202211,M,50대,경상남도,700만원 이상,"스포츠 관람하기, 운동-스포츠 직접하기, 오락-휴식, 자기계발-자기관리","스포츠 관람하기, 운동-스포츠 직접하기, 관광-여행, 오락-휴식, 자기계발-자기관리"
53335194,202211,F,50대,경상남도,700만원 이상,"스포츠 관람하기, 관광-여행, 오락-휴식, 사회교류","문화예술 관람하기, 스포츠 관람하기, 관광-여행, 오락-휴식, 사회교류"
53358658,202211,M,50대,경상남도,700만원 이상,"문화예술 관람하기, 스포츠 관람하기, 운동-스포츠 직접하기, 관광-여행, 오락-휴식, 자기계발-자기관리, 사회교류","문화예술 관람하기, 스포츠 관람하기, 운동-스포츠 직접하기, 관광-여행, 오락-휴식, 자기계발-자기관리, 사회교류"
53341822,202211,F,50대,경상남도,700만원 이상,"문화예술 관람하기, 운동-스포츠 직접하기, 관광-여행, 오락-휴식, 자기계발-자기관리, 사회교류","문화예술 관람하기, 운동-스포츠 직접하기, 관광-여행, 오락-휴식, 자기계발-자기관리, 사회교류"
53326983,202211,F,40대,경상남도,700만원 이상,"스포츠 관람하기, 운동-스포츠 직접하기, 관광-여행, 오락-휴식, 자기계발-자기관리, 사회교류","문화예술 관람하기, 문화예술 직접하기, 스포츠 관람하기, 운동-스포츠 직접하기, 관광-여행, 오락-휴식, 자기계발-자기관리, 사회교류"
53356363,202211,F,40대,경상남도,700만원 이상,"문화예술 직접하기, 스포츠 관람하기, 관광-여행, 오락-휴식, 자기계발-자기관리, 사회교류","문화예술 직접하기, 스포츠 관람하기, 관광-여행, 오락-휴식, 자기계발-자기관리, 사회교류"
53366575,202211,M,40대,경상남도,700만원 이상,"문화예술 관람하기, 운동-스포츠 직접하기, 관광-여행, 오락-휴식, 자기계발-자기관리, 사회교류","문화예술 관람하기, 운동-스포츠 직접하기, 관광-여행, 오락-휴식, 자기계발-자기관리, 사회교류"
53341103,202211,M,30대,경상남도,700만원 이상,"문화예술 관람하기, 관광-여행, 오락-휴식","문화예술 관람하기, 스포츠 관람하기, 관광-여행, 오락-휴식"
53330764,202211,F,30대,경상남도,700만원 이상,"스포츠 관람하기, 관광-여행, 오락-휴식, 자기계발-자기관리, 사회교류","문화예술 관람하기, 스포츠 관람하기, 관광-여행, 오락-휴식, 자기계발-자기관리, 사회교류"
53325532,202211,F,30대,경상남도,700만원 이상,"관광-여행, 오락-휴식, 사회교류","관광-여행, 오락-휴식, 사회교류"
53345876,202211,F,30대,경상남도,700만원 이상,"운동-스포츠 직접하기, 관광-여행, 오락-휴식, 자기계발-자기관리, 사회교류","문화예술 관람하기, 운동-스포츠 직접하기, 관광-여행, 오락-휴식, 자기계발-자기관리, 사회교류"
53349473,202211,F,30대,경상남도,700만원 이상,"문화예술 관람하기, 스포츠 관람하기, 운동-스포츠 직접하기, 관광-여행, 오락-휴식, 자기계발-자기관리","문화예술 관람하기, 스포츠 관람하기, 운동-스포츠 직접하기, 관광-여행, 오락-휴식, 자기계발-자기관리"
53354036,202211,F,20대,경상남도,700만원 이상,"문화예술 관람하기, 관광-여행, 오락-휴식, 자기계발-자기관리, 사회교류","문화예술 관람하기, 운동-스포츠 직접하기, 관광-여행, 오락-휴식, 자기계발-자기관리, 사회교류"
53368282,202211,M,20대,경상남도,700만원 이상,"운동-스포츠 직접하기, 관광-여행, 오락-휴식, 사회교류","문화예술 관람하기, 운동-스포츠 직접하기, 관광-여행, 오락-휴식, 자기계발-자기관리, 사회교류"
53334592,202211,M,20대,경기도,700만원 이상,"문화예술 관람하기, 오락-휴식","문화예술 관람하기, 오락-휴식"
53331374,202211,F,20대,경기도,700만원 이상,"스포츠 관람하기, 오락-휴식, 자기계발-자기관리, 사회교류","문화예술 관람하기, 스포츠 관람하기, 관광-여행, 오락-휴식, 자기계발-자기관리, 사회교류"
53375095,202211,M,20대,경기도,700만원 이상,"운동-스포츠 직접하기, 관광-여행, 오락-휴식","운동-스포츠 직접하기, 관광-여행, 오락-휴식"
53325875,202211,M,20대,경기도,700만원 이상,자기계발-자기관리,"운동-스포츠 직접하기, 자기계발-자기관리"
53350214,202211,F,20대,경기도,700만원 이상,"문화예술 관람하기, 스포츠 관람하기, 관광-여행, 오락-휴식, 자기계발-자기관리, 사회교류","문화예술 관람하기, 스포츠 관람하기, 관광-여행, 오락-휴식, 자기계발-자기관리, 사회교류"
53342778,202211,F,20대,경기도,700만원 이상,"문화예술 관람하기, 스포츠 관람하기, 관광-여행, 오락-휴식, 자기계발-자기관리, 사회교류","문화예술 관람하기, 스포츠 관람하기, 관광-여행, 오락-휴식, 자기계발-자기관리, 사회교류"
53361781,202211,M,20대,경기도,700만원 이상,자기계발-자기관리,"문화예술 직접하기, 자기계발-자기관리"
53349319,202211,M,20대,경기도,700만원 이상,관광-여행,관광-여행
53354314,202211,M,20대,경기도,700만원 이상,"오락-휴식, 자기계발-자기관리, 사회교류","문화예술 관람하기, 스포츠 관람하기, 관광-여행, 오락-휴식, 자기계발-자기관리, 사회교류"
53348087,202211,M,20대,경기도,700만원 이상,관광-여행,"스포츠 관람하기, 관광-여행"
53354627,202211,M,20대,경기도,700만원 이상,"문화예술 관람하기, 운동-스포츠 직접하기, 관광-여행, 오락-휴식, 자기계발-자기관리","문화예술 관람하기, 운동-스포츠 직접하기, 관광-여행, 오락-휴식, 자기계발-자기관리"
53346877,202211,F,20대,경기도,700만원 이상,"문화예술 관람하기, 문화예술 직접하기, 스포츠 관람하기, 운동-스포츠 직접하기, 관광-여행, 오락-휴식, 자기계발-자기관리, 사회교류","문화예술 관람하기, 문화예술 직접하기, 스포츠 관람하기, 운동-스포츠 직접하기, 관광-여행, 오락-휴식, 자기계발-자기관리, 사회교류"
53333091,202211,F,20대,경기도,700만원 이상,"운동-스포츠 직접하기, 관광-여행, 오락-휴식, 자기계발-자기관리, 사회교류","문화예술 직접하기, 운동-스포츠 직접하기, 관광-여행, 오락-휴식, 자기계발-자기관리, 사회교류"
53332424,202211,F,20대,경기도,700만원 이상,"문화예술 관람하기, 운동-스포츠 직접하기, 관광-여행, 오락-휴식, 자기계발-자기관리, 사회교류","문화예술 관람하기, 스포츠 관람하기, 운동-스포츠 직접하기, 관광-여행, 오락-휴식, 자기계발-자기관리, 사회교류"
53364722,202211,M,20대,경기도,700만원 이상,"문화예술 관람하기, 오락-휴식, 자기계발-자기관리","문화예술 관람하기, 문화예술 직접하기, 관광-여행, 오락-휴식, 자기계발-자기관리"
53371560,202211,M,20대,경기도,700만원 이상,"문화예술 관람하기, 운동-스포츠 직접하기, 관광-여행, 오락-휴식, 자기계발-자기관리, 사회교류","문화예술 관람하기, 운동-스포츠 직접하기, 관광-여행, 오락-휴식, 자기계발-자기관리, 사회교류"
53327084,202211,M,20대,경기도,700만원 이상,"문화예술 관람하기, 스포츠 관람하기, 관광-여행, 오락-휴식, 자기계발-자기관리, 사회교류","문화예술 관람하기, 스포츠 관람하기, 관광-여행, 오락-휴식, 자기계발-자기관리, 사회교류"
53328579,202211,M,20대,경기도,700만원 이상,"문화예술 관람하기, 문화예술 직접하기, 운동-스포츠 직접하기, 관광-여행, 오락-휴식, 자기계발-자기관리, 사회교류","문화예술 관람하기, 문화예술 직접하기, 스포츠 관람하기, 운동-스포츠 직접하기, 관광-여행, 오락-휴식, 자기계발-자기관리, 사회교류"
53339028,202211,F,20대,경기도,700만원 이상,"운동-스포츠 직접하기, 사회교류","운동-스포츠 직접하기, 관광-여행, 오락-휴식, 자기계발-자기관리, 사회교류"
53375958,202211,F,20대,경기도,700만원 이상,"문화예술 관람하기, 관광-여행","문화예술 관람하기, 운동-스포츠 직접하기, 관광-여행, 오락-휴식, 자기계발-자기관리"
53362847,202211,F,30대,경기도,700만원 이상,"문화예술 관람하기, 문화예술 직접하기, 운동-스포츠 직접하기, 관광-여행, 오락-휴식, 자기계발-자기관리","문화예술 관람하기, 문화예술 직접하기, 스포츠 관람하기, 운동-스포츠 직접하기, 관광-여행, 오락-휴식, 자기계발-자기관리"
53352457,202211,F,30대,경기도,700만원 이상,"문화예술 관람하기, 문화예술 직접하기, 스포츠 관람하기, 운동-스포츠 직접하기, 관광-여행, 오락-휴식, 자기계발-자기관리, 사회교류","문화예술 관람하기, 문화예술 직접하기, 스포츠 관람하기, 운동-스포츠 직접하기, 관광-여행, 오락-휴식, 자기계발-자기관리, 사회교류"
53372026,202211,F,30대,경기도,700만원 이상,"운동-스포츠 직접하기, 오락-휴식, 자기계발-자기관리, 사회교류","운동-스포츠 직접하기, 관광-여행, 오락-휴식, 자기계발-자기관리, 사회교류"
53367039,202211,F,30대,경기도,700만원 이상,"운동-스포츠 직접하기, 관광-여행, 오락-휴식, 자기계발-자기관리, 사회교류","운동-스포츠 직접하기, 관광-여행, 오락-휴식, 자기계발-자기관리, 사회교류"
53331901,202211,F,30대,경기도,700만원 이상,"문화예술 관람하기, 문화예술 직접하기, 운동-스포츠 직접하기, 관광-여행, 오락-휴식, 자기계발-자기관리, 사회교류","문화예술 관람하기, 문화예술 직접하기, 운동-스포츠 직접하기, 관광-여행, 오락-휴식, 자기계발-자기관리, 사회교류"
53377325,202211,F,30대,경기도,700만원 이상,"문화예술 관람하기, 운동-스포츠 직접하기, 관광-여행, 오락-휴식, 사회교류","문화예술 관람하기, 운동-스포츠 직접하기, 관광-여행, 오락-휴식, 자기계발-자기관리, 사회교류"
53330365,202211,M,30대,경기도,700만원 이상,"운동-스포츠 직접하기, 관광-여행, 자기계발-자기관리","운동-스포츠 직접하기, 관광-여행, 자기계발-자기관리"
53371420,202211,M,30대,경기도,700만원 이상,"문화예술 관람하기, 스포츠 관람하기, 관광-여행, 오락-휴식, 자기계발-자기관리, 사회교류","문화예술 관람하기, 스포츠 관람하기, 관광-여행, 오락-휴식, 자기계발-자기관리, 사회교류"
53354047,202211,F,30대,경기도,700만원 이상,"스포츠 관람하기, 관광-여행, 오락-휴식, 자기계발-자기관리","문화예술 관람하기, 스포츠 관람하기, 관광-여행, 오락-휴식, 자기계발-자기관리"
53349072,202211,M,30대,경기도,700만원 이상,"문화예술 관람하기, 스포츠 관람하기, 운동-스포츠 직접하기, 관광-여행, 오락-휴식, 자기계발-자기관리, 사회교류","문화예술 관람하기, 스포츠 관람하기, 운동-스포츠 직접하기, 관광-여행, 오락-휴식, 자기계발-자기관리, 사회교류"
53329099,202211,M,30대,경기도,700만원 이상,"스포츠 관람하기, 관광-여행, 오락-휴식, 사회교류","문화예술 관람하기, 스포츠 관람하기, 관광-여행, 오락-휴식, 사회교류"
53327142,202211,M,30대,경기도,700만원 이상,"관광-여행, 오락-휴식, 사회교류","운동-스포츠 직접하기, 관광-여행, 오락-휴식, 사회교류"
53326406,202211,M,30대,경기도,700만원 이상,"문화예술 직접하기, 스포츠 관람하기, 관광-여행","문화예술 직접하기, 스포츠 관람하기, 관광-여행"
53330373,202211,M,30대,경기도,700만원 이상,"문화예술 관람하기, 관광-여행, 오락-휴식, 사회교류","문화예술 관람하기, 스포츠 관람하기, 관광-여행, 오락-휴식, 사회교류"
53350540,202211,F,30대,경기도,700만원 이상,"문화예술 관람하기, 스포츠 관람하기, 운동-스포츠 직접하기, 관광-여행, 오락-휴식, 자기계발-자기관리, 사회교류","문화예술 관람하기, 문화예술 직접하기, 스포츠 관람하기, 운동-스포츠 직접하기, 관광-여행, 오락-휴식, 자기계발-자기관리, 사회교류"
53341520,202211,M,30대,경기도,700만원 이상,"스포츠 관람하기, 운동-스포츠 직접하기, 관광-여행, 오락-휴식, 사회교류","문화예술 관람하기, 문화예술 직접하기, 스포츠 관람하기, 운동-스포츠 직접하기, 관광-여행, 오락-휴식, 자기계발-자기관리, 사회교류"
53327713,202211,F,30대,경기도,700만원 이상,"문화예술 관람하기, 운동-스포츠 직접하기, 관광-여행, 오락-휴식","문화예술 관람하기, 문화예술 직접하기, 운동-스포츠 직접하기, 관광-여행, 오락-휴식, 자기계발-자기관리"
53373085,202211,F,30대,경기도,700만원 이상,"문화예술 관람하기, 관광-여행, 오락-휴식, 사회교류","문화예술 관람하기, 관광-여행, 오락-휴식, 사회교류"
53340675,202211,F,30대,경기도,700만원 이상,"운동-스포츠 직접하기, 관광-여행, 오락-휴식","스포츠 관람하기, 운동-스포츠 직접하기, 관광-여행, 오락-휴식"
53338904,202211,F,30대,경기도,700만원 이상,"관광-여행, 오락-휴식, 사회교류","관광-여행, 오락-휴식, 사회교류"
53346703,202211,M,30대,경기도,700만원 이상,"관광-여행, 오락-휴식, 사회교류","문화예술 관람하기, 관광-여행, 오락-휴식, 자기계발-자기관리, 사회교류"
53342594,202211,M,30대,경기도,700만원 이상,"문화예술 관람하기, 스포츠 관람하기, 운동-스포츠 직접하기, 관광-여행, 오락-휴식, 사회교류","문화예술 관람하기, 스포츠 관람하기, 운동-스포츠 직접하기, 관광-여행, 오락-휴식, 사회교류"
53369292,202211,F,30대,경기도,700만원 이상,"문화예술 관람하기, 스포츠 관람하기, 오락-휴식, 자기계발-자기관리, 사회교류","문화예술 관람하기, 스포츠 관람하기, 관광-여행, 오락-휴식, 자기계발-자기관리, 사회교류"
53368865,202211,F,30대,경기도,700만원 이상,"문화예술 관람하기, 운동-스포츠 직접하기, 관광-여행, 오락-휴식, 자기계발-자기관리, 사회교류","문화예술 관람하기, 운동-스포츠 직접하기, 관광-여행, 오락-휴식, 자기계발-자기관리, 사회교류"
53347688,202211,M,30대,경기도,700만원 이상,오락-휴식,오락-휴식
53353515,202211,M,40대,경기도,700만원 이상,"관광-여행, 오락-휴식, 사회교류","관광-여행, 오락-휴식, 사회교류"
53372046,202211,M,40대,경기도,700만원 이상,"운동-스포츠 직접하기, 관광-여행, 오락-휴식, 사회교류","운동-스포츠 직접하기, 관광-여행, 오락-휴식, 사회교류"
53332238,202211,M,40대,경기도,700만원 이상,"문화예술 관람하기, 스포츠 관람하기, 운동-스포츠 직접하기, 관광-여행, 오락-휴식, 자기계발-자기관리, 사회교류","문화예술 관람하기, 문화예술 직접하기, 스포츠 관람하기, 운동-스포츠 직접하기, 관광-여행, 오락-휴식, 자기계발-자기관리, 사회교류"
53330837,202211,M,40대,경기도,700만원 이상,"문화예술 관람하기, 스포츠 관람하기, 관광-여행, 오락-휴식, 자기계발-자기관리, 사회교류","문화예술 관람하기, 스포츠 관람하기, 관광-여행, 오락-휴식, 자기계발-자기관리, 사회교류"
53337824,202211,M,40대,경기도,700만원 이상,"문화예술 관람하기, 문화예술 직접하기, 운동-스포츠 직접하기, 관광-여행, 오락-휴식, 사회교류","문화예술 관람하기, 문화예술 직접하기, 운동-스포츠 직접하기, 관광-여행, 오락-휴식, 사회교류"
53338734,202211,M,30대,경기도,700만원 이상,오락-휴식,"문화예술 관람하기, 오락-휴식, 자기계발-자기관리"
53352732,202211,M,40대,경기도,700만원 이상,"문화예술 관람하기, 관광-여행, 오락-휴식, 자기계발-자기관리","문화예술 관람하기, 관광-여행, 오락-휴식, 자기계발-자기관리"
53355700,202211,M,40대,경기도,700만원 이상,"운동-스포츠 직접하기, 관광-여행, 오락-휴식, 자기계발-자기관리, 사회교류","운동-스포츠 직접하기, 관광-여행, 오락-휴식, 자기계발-자기관리, 사회교류"
53341434,202211,M,40대,경기도,700만원 이상,"문화예술 관람하기, 스포츠 관람하기, 운동-스포츠 직접하기, 관광-여행, 오락-휴식, 자기계발-자기관리, 사회교류","문화예술 관람하기, 스포츠 관람하기, 운동-스포츠 직접하기, 관광-여행, 오락-휴식, 자기계발-자기관리, 사회교류"
53341553,202211,M,40대,경기도,700만원 이상,"문화예술 관람하기, 문화예술 직접하기, 운동-스포츠 직접하기, 관광-여행, 오락-휴식, 자기계발-자기관리, 사회교류","문화예술 관람하기, 문화예술 직접하기, 운동-스포츠 직접하기, 관광-여행, 오락-휴식, 자기계발-자기관리, 사회교류"
53363750,202211,M,40대,경기도,700만원 이상,"운동-스포츠 직접하기, 관광-여행, 오락-휴식, 자기계발-자기관리, 사회교류","운동-스포츠 직접하기, 관광-여행, 오락-휴식, 자기계발-자기관리, 사회교류"
53357826,202211,M,40대,경기도,700만원 이상,"스포츠 관람하기, 운동-스포츠 직접하기, 관광-여행, 오락-휴식, 자기계발-자기관리, 사회교류","문화예술 관람하기, 스포츠 관람하기, 운동-스포츠 직접하기, 관광-여행, 오락-휴식, 자기계발-자기관리, 사회교류"
53333543,202211,F,40대,경기도,700만원 이상,"문화예술 관람하기, 스포츠 관람하기, 관광-여행, 자기계발-자기관리","문화예술 관람하기, 스포츠 관람하기, 관광-여행, 자기계발-자기관리"
53326025,202211,F,40대,경기도,700만원 이상,"문화예술 관람하기, 스포츠 관람하기, 운동-스포츠 직접하기, 관광-여행, 오락-휴식, 자기계발-자기관리, 사회교류","문화예술 관람하기, 스포츠 관람하기, 운동-스포츠 직접하기, 관광-여행, 오락-휴식, 자기계발-자기관리, 사회교류"
53363910,202211,F,40대,경기도,700만원 이상,"문화예술 관람하기, 운동-스포츠 직접하기, 오락-휴식, 자기계발-자기관리, 사회교류","문화예술 관람하기, 운동-스포츠 직접하기, 관광-여행, 오락-휴식, 자기계발-자기관리, 사회교류"
53370791,202211,F,40대,경기도,700만원 이상,"운동-스포츠 직접하기, 관광-여행, 오락-휴식, 사회교류","운동-스포츠 직접하기, 관광-여행, 오락-휴식, 자기계발-자기관리, 사회교류"
53345046,202211,M,40대,경기도,700만원 이상,"문화예술 관람하기, 스포츠 관람하기, 운동-스포츠 직접하기, 관광-여행, 오락-휴식, 자기계발-자기관리, 사회교류","문화예술 관람하기, 스포츠 관람하기, 운동-스포츠 직접하기, 관광-여행, 오락-휴식, 자기계발-자기관리, 사회교류"
53338890,202211,M,40대,경기도,700만원 이상,"스포츠 관람하기, 운동-스포츠 직접하기, 오락-휴식, 자기계발-자기관리","문화예술 관람하기, 스포츠 관람하기, 운동-스포츠 직접하기, 관광-여행, 오락-휴식, 자기계발-자기관리"
53349997,202211,F,40대,경기도,700만원 이상,"문화예술 관람하기, 운동-스포츠 직접하기, 관광-여행, 오락-휴식, 자기계발-자기관리, 사회교류","문화예술 관람하기, 운동-스포츠 직접하기, 관광-여행, 오락-휴식, 자기계발-자기관리, 사회교류"
53345893,202211,F,40대,경기도,700만원 이상,"문화예술 관람하기, 운동-스포츠 직접하기, 관광-여행, 오락-휴식, 자기계발-자기관리, 사회교류","문화예술 관람하기, 운동-스포츠 직접하기, 관광-여행, 오락-휴식, 자기계발-자기관리, 사회교류"
53354251,202211,M,40대,경기도,700만원 이상,"문화예술 관람하기, 운동-스포츠 직접하기, 관광-여행","문화예술 관람하기, 스포츠 관람하기, 운동-스포츠 직접하기, 관광-여행, 자기계발-자기관리"
53356151,202211,M,40대,경기도,700만원 이상,"운동-스포츠 직접하기, 오락-휴식, 자기계발-자기관리, 사회교류","문화예술 관람하기, 운동-스포츠 직접하기, 관광-여행, 오락-휴식, 자기계발-자기관리, 사회교류"
53357869,202211,F,40대,경기도,700만원 이상,"운동-스포츠 직접하기, 관광-여행, 오락-휴식, 자기계발-자기관리, 사회교류","문화예술 관람하기, 운동-스포츠 직접하기, 관광-여행, 오락-휴식, 자기계발-자기관리, 사회교류"
53373680,202211,M,40대,경기도,700만원 이상,"문화예술 관람하기, 스포츠 관람하기, 운동-스포츠 직접하기, 오락-휴식","문화예술 관람하기, 스포츠 관람하기, 운동-스포츠 직접하기, 관광-여행, 오락-휴식, 자기계발-자기관리"
53356246,202211,F,40대,경기도,700만원 이상,"운동-스포츠 직접하기, 자기계발-자기관리","문화예술 관람하기, 운동-스포츠 직접하기, 관광-여행, 자기계발-자기관리"
53339811,202211,F,40대,경기도,700만원 이상,"문화예술 관람하기, 관광-여행, 오락-휴식, 자기계발-자기관리","문화예술 관람하기, 관광-여행, 오락-휴식, 자기계발-자기관리"
53363331,202211,F,40대,경기도,700만원 이상,"운동-스포츠 직접하기, 관광-여행, 오락-휴식, 자기계발-자기관리, 사회교류","스포츠 관람하기, 운동-스포츠 직접하기, 관광-여행, 오락-휴식, 자기계발-자기관리, 사회교류"
53343961,202211,F,40대,경기도,700만원 이상,"문화예술 관람하기, 관광-여행, 오락-휴식, 자기계발-자기관리, 사회교류","문화예술 관람하기, 관광-여행, 오락-휴식, 자기계발-자기관리, 사회교류"
53342870,202211,F,40대,경기도,700만원 이상,자기계발-자기관리,자기계발-자기관리
53340805,202211,F,40대,경기도,700만원 이상,"문화예술 관람하기, 관광-여행, 오락-휴식","문화예술 관람하기, 문화예술 직접하기, 관광-여행, 오락-휴식, 자기계발-자기관리"
53339006,202211,F,40대,경기도,700만원 이상,"운동-스포츠 직접하기, 관광-여행, 오락-휴식, 자기계발-자기관리","운동-스포츠 직접하기, 관광-여행, 오락-휴식, 자기계발-자기관리"
53329675,202211,F,40대,경기도,700만원 이상,"관광-여행, 사회교류","관광-여행, 사회교류"
53354247,202211,F,40대,경기도,700만원 이상,"문화예술 관람하기, 문화예술 직접하기, 스포츠 관람하기, 운동-스포츠 직접하기, 관광-여행, 자기계발-자기관리, 사회교류","문화예술 관람하기, 문화예술 직접하기, 스포츠 관람하기, 운동-스포츠 직접하기, 관광-여행, 자기계발-자기관리, 사회교류"
53355637,202211,F,50대,경기도,700만원 이상,"운동-스포츠 직접하기, 관광-여행, 사회교류","운동-스포츠 직접하기, 관광-여행, 사회교류"
53350338,202211,F,50대,경기도,700만원 이상,"문화예술 관람하기, 운동-스포츠 직접하기, 관광-여행, 오락-휴식, 자기계발-자기관리, 사회교류","문화예술 관람하기, 운동-스포츠 직접하기, 관광-여행, 오락-휴식, 자기계발-자기관리, 사회교류"
53370768,202211,F,50대,경기도,700만원 이상,"문화예술 관람하기, 운동-스포츠 직접하기, 관광-여행, 오락-휴식, 사회교류","문화예술 관람하기, 운동-스포츠 직접하기, 관광-여행, 오락-휴식, 사회교류"
53336214,202211,F,50대,경기도,700만원 이상,"문화예술 관람하기, 관광-여행, 오락-휴식, 자기계발-자기관리, 사회교류","문화예술 관람하기, 관광-여행, 오락-휴식, 자기계발-자기관리, 사회교류"
53350343,202211,F,50대,경기도,700만원 이상,"운동-스포츠 직접하기, 관광-여행, 오락-휴식, 자기계발-자기관리, 사회교류","문화예술 관람하기, 운동-스포츠 직접하기, 관광-여행, 오락-휴식, 자기계발-자기관리, 사회교류"
53348356,202211,F,50대,경기도,700만원 이상,"문화예술 관람하기, 관광-여행","문화예술 관람하기, 관광-여행"
53364917,202211,F,50대,경기도,700만원 이상,"문화예술 관람하기, 스포츠 관람하기, 운동-스포츠 직접하기, 관광-여행, 오락-휴식, 자기계발-자기관리","문화예술 관람하기, 스포츠 관람하기, 운동-스포츠 직접하기, 관광-여행, 오락-휴식, 자기계발-자기관리"
53363337,202211,F,50대,경기도,700만원 이상,"문화예술 관람하기, 운동-스포츠 직접하기, 관광-여행, 오락-휴식, 자기계발-자기관리, 사회교류","문화예술 관람하기, 운동-스포츠 직접하기, 관광-여행, 오락-휴식, 자기계발-자기관리, 사회교류"
53327641,202211,F,50대,경기도,700만원 이상,"스포츠 관람하기, 관광-여행, 오락-휴식, 자기계발-자기관리","스포츠 관람하기, 관광-여행, 오락-휴식, 자기계발-자기관리"
53327650,202211,F,50대,경기도,700만원 이상,"문화예술 관람하기, 운동-스포츠 직접하기, 관광-여행, 오락-휴식, 자기계발-자기관리, 사회교류","문화예술 관람하기, 운동-스포츠 직접하기, 관광-여행, 오락-휴식, 자기계발-자기관리, 사회교류"
53347420,202211,F,50대,경기도,700만원 이상,"문화예술 직접하기, 운동-스포츠 직접하기, 관광-여행, 오락-휴식, 자기계발-자기관리","문화예술 관람하기, 문화예술 직접하기, 운동-스포츠 직접하기, 관광-여행, 오락-휴식, 자기계발-자기관리"
53373894,202211,M,50대,경기도,700만원 이상,"문화예술 관람하기, 스포츠 관람하기, 운동-스포츠 직접하기, 관광-여행, 오락-휴식, 사회교류","문화예술 관람하기, 스포츠 관람하기, 운동-스포츠 직접하기, 관광-여행, 오락-휴식, 사회교류"
53345123,202211,M,50대,경기도,700만원 이상,"문화예술 관람하기, 스포츠 관람하기, 운동-스포츠 직접하기, 관광-여행","문화예술 관람하기, 스포츠 관람하기, 운동-스포츠 직접하기, 관광-여행"
53359914,202211,M,50대,경기도,700만원 이상,"문화예술 관람하기, 스포츠 관람하기, 운동-스포츠 직접하기, 관광-여행, 오락-휴식","문화예술 관람하기, 스포츠 관람하기, 운동-스포츠 직접하기, 관광-여행, 오락-휴식, 사회교류"
53358488,202211,M,50대,경기도,700만원 이상,"문화예술 관람하기, 운동-스포츠 직접하기, 관광-여행, 오락-휴식","문화예술 관람하기, 운동-스포츠 직접하기, 관광-여행, 오락-휴식"
53372671,202211,M,50대,경기도,700만원 이상,"문화예술 관람하기, 관광-여행, 오락-휴식","문화예술 관람하기, 관광-여행, 오락-휴식"
53368625,202211,M,50대,경기도,700만원 이상,"문화예술 관람하기, 운동-스포츠 직접하기, 관광-여행, 오락-휴식, 자기계발-자기관리, 사회교류","문화예술 관람하기, 운동-스포츠 직접하기, 관광-여행, 오락-휴식, 자기계발-자기관리, 사회교류"
53331427,202211,M,50대,경기도,700만원 이상,"문화예술 관람하기, 운동-스포츠 직접하기, 관광-여행, 오락-휴식","문화예술 관람하기, 스포츠 관람하기, 운동-스포츠 직접하기, 관광-여행, 오락-휴식"
53330531,202211,M,50대,경기도,700만원 이상,"문화예술 관람하기, 운동-스포츠 직접하기, 관광-여행, 오락-휴식, 사회교류","문화예술 관람하기, 운동-스포츠 직접하기, 관광-여행, 오락-휴식, 사회교류"
53353266,202211,M,50대,경기도,700만원 이상,"운동-스포츠 직접하기, 관광-여행, 사회교류","문화예술 관람하기, 운동-스포츠 직접하기, 관광-여행, 사회교류"
53332935,202211,M,50대,경기도,700만원 이상,"문화예술 관람하기, 운동-스포츠 직접하기, 관광-여행, 오락-휴식, 자기계발-자기관리","문화예술 관람하기, 운동-스포츠 직접하기, 관광-여행, 오락-휴식, 자기계발-자기관리"
53349730,202211,M,50대,경기도,700만원 이상,"운동-스포츠 직접하기, 관광-여행, 사회교류","운동-스포츠 직접하기, 관광-여행, 사회교류"
53362703,202211,M,50대,경기도,700만원 이상,"문화예술 관람하기, 스포츠 관람하기, 운동-스포츠 직접하기, 관광-여행, 오락-휴식, 자기계발-자기관리","문화예술 관람하기, 스포츠 관람하기, 운동-스포츠 직접하기, 관광-여행, 오락-휴식, 자기계발-자기관리"
53368966,202211,F,50대,경기도,700만원 이상,"스포츠 관람하기, 운동-스포츠 직접하기, 관광-여행, 오락-휴식, 사회교류","스포츠 관람하기, 운동-스포츠 직접하기, 관광-여행, 오락-휴식, 사회교류"
53361870,202211,F,50대,경기도,700만원 이상,"문화예술 관람하기, 스포츠 관람하기, 운동-스포츠 직접하기, 관광-여행, 오락-휴식, 사회교류","문화예술 관람하기, 스포츠 관람하기, 운동-스포츠 직접하기, 관광-여행, 오락-휴식, 사회교류"
53367740,202211,M,50대,경기도,700만원 이상,"운동-스포츠 직접하기, 관광-여행, 오락-휴식, 자기계발-자기관리, 사회교류","운동-스포츠 직접하기, 관광-여행, 오락-휴식, 자기계발-자기관리, 사회교류"
53367900,202211,M,50대,경기도,700만원 이상,"문화예술 관람하기, 운동-스포츠 직접하기, 관광-여행, 오락-휴식, 사회교류","문화예술 관람하기, 스포츠 관람하기, 운동-스포츠 직접하기, 관광-여행, 오락-휴식, 사회교류"
53354307,202211,M,50대,경기도,700만원 이상,"문화예술 관람하기, 오락-휴식, 자기계발-자기관리","문화예술 관람하기, 오락-휴식, 자기계발-자기관리"
53353154,202211,M,50대,경기도,700만원 이상,"문화예술 관람하기, 스포츠 관람하기, 운동-스포츠 직접하기, 관광-여행, 오락-휴식","문화예술 관람하기, 스포츠 관람하기, 운동-스포츠 직접하기, 관광-여행, 오락-휴식"
53339036,202211,M,50대,경기도,700만원 이상,"관광-여행, 오락-휴식, 사회교류","문화예술 관람하기, 관광-여행, 오락-휴식, 사회교류"
53339511,202211,F,50대,경기도,700만원 이상,"문화예술 관람하기, 운동-스포츠 직접하기, 관광-여행, 오락-휴식, 자기계발-자기관리, 사회교류","문화예술 관람하기, 운동-스포츠 직접하기, 관광-여행, 오락-휴식, 자기계발-자기관리, 사회교류"
53345543,202211,F,50대,경기도,700만원 이상,"관광-여행, 오락-휴식","관광-여행, 오락-휴식"
53351030,202211,F,50대,경기도,700만원 이상,"문화예술 관람하기, 문화예술 직접하기, 운동-스포츠 직접하기, 관광-여행, 오락-휴식, 자기계발-자기관리, 사회교류","문화예술 관람하기, 문화예술 직접하기, 운동-스포츠 직접하기, 관광-여행, 오락-휴식, 자기계발-자기관리, 사회교류"
53331002,202211,F,50대,경기도,700만원 이상,"오락-휴식, 사회교류","문화예술 관람하기, 오락-휴식, 사회교류"
53345073,202211,M,60대,경기도,700만원 이상,"운동-스포츠 직접하기, 관광-여행","운동-스포츠 직접하기, 관광-여행"
53337173,202211,M,60대,경기도,700만원 이상,"문화예술 관람하기, 운동-스포츠 직접하기, 관광-여행, 오락-휴식, 사회교류","문화예술 관람하기, 운동-스포츠 직접하기, 관광-여행, 오락-휴식, 자기계발-자기관리, 사회교류"
53336259,202211,M,60대,경기도,700만원 이상,"운동-스포츠 직접하기, 관광-여행, 사회교류","운동-스포츠 직접하기, 관광-여행, 사회교류"
53358442,202211,M,50대,경기도,700만원 이상,"운동-스포츠 직접하기, 관광-여행","운동-스포츠 직접하기, 관광-여행"
53349552,202211,M,50대,경기도,700만원 이상,"스포츠 관람하기, 운동-스포츠 직접하기, 관광-여행","문화예술 관람하기, 스포츠 관람하기, 운동-스포츠 직접하기, 관광-여행, 오락-휴식, 자기계발-자기관리, 사회교류"
53352432,202211,M,50대,경기도,700만원 이상,"문화예술 관람하기, 스포츠 관람하기, 운동-스포츠 직접하기, 관광-여행, 자기계발-자기관리","문화예술 관람하기, 스포츠 관람하기, 운동-스포츠 직접하기, 관광-여행, 자기계발-자기관리"
53336823,202211,M,50대,경기도,700만원 이상,"문화예술 관람하기, 운동-스포츠 직접하기, 관광-여행, 오락-휴식, 자기계발-자기관리, 사회교류","문화예술 관람하기, 운동-스포츠 직접하기, 관광-여행, 오락-휴식, 자기계발-자기관리, 사회교류"
53366813,202211,M,50대,경기도,700만원 이상,운동-스포츠 직접하기,"운동-스포츠 직접하기, 관광-여행"
53374771,202211,M,50대,경기도,700만원 이상,"운동-스포츠 직접하기, 관광-여행, 오락-휴식, 자기계발-자기관리","문화예술 관람하기, 운동-스포츠 직접하기, 관광-여행, 오락-휴식, 자기계발-자기관리"
53333820,202211,M,50대,경기도,700만원 이상,"스포츠 관람하기, 운동-스포츠 직접하기, 오락-휴식","스포츠 관람하기, 운동-스포츠 직접하기, 오락-휴식"
53366190,202211,M,60대,경기도,700만원 이상,"문화예술 관람하기, 스포츠 관람하기, 운동-스포츠 직접하기, 관광-여행, 오락-휴식, 자기계발-자기관리, 사회교류","문화예술 관람하기, 스포츠 관람하기, 운동-스포츠 직접하기, 관광-여행, 오락-휴식, 자기계발-자기관리, 사회교류"
53344700,202211,M,60대,경기도,700만원 이상,"문화예술 관람하기, 스포츠 관람하기, 운동-스포츠 직접하기, 관광-여행, 오락-휴식, 자기계발-자기관리, 사회교류","문화예술 관람하기, 스포츠 관람하기, 운동-스포츠 직접하기, 관광-여행, 오락-휴식, 자기계발-자기관리, 사회교류"
53343746,202211,F,60대,경기도,700만원 이상,"문화예술 관람하기, 운동-스포츠 직접하기, 관광-여행, 오락-휴식, 자기계발-자기관리, 사회교류","문화예술 관람하기, 운동-스포츠 직접하기, 관광-여행, 오락-휴식, 자기계발-자기관리, 사회교류"
53358702,202211,F,60대,경기도,700만원 이상,"문화예술 관람하기, 스포츠 관람하기, 운동-스포츠 직접하기, 관광-여행, 사회교류","문화예술 관람하기, 스포츠 관람하기, 운동-스포츠 직접하기, 관광-여행, 사회교류"
53330983,202211,F,60대,경기도,700만원 이상,"문화예술 관람하기, 관광-여행, 자기계발-자기관리, 사회교류","문화예술 관람하기, 관광-여행, 자기계발-자기관리, 사회교류"
53377311,202211,F,60대,경기도,700만원 이상,"문화예술 관람하기, 오락-휴식, 사회교류","문화예술 관람하기, 관광-여행, 오락-휴식, 사회교류"
53338077,202211,F,60대,경기도,700만원 이상,"운동-스포츠 직접하기, 사회교류","문화예술 관람하기, 운동-스포츠 직접하기, 관광-여행, 사회교류"
53351659,202211,F,60대,경기도,700만원 이상,"문화예술 직접하기, 운동-스포츠 직접하기, 관광-여행, 자기계발-자기관리, 사회교류","문화예술 직접하기, 운동-스포츠 직접하기, 관광-여행, 자기계발-자기관리, 사회교류"
53338610,202211,F,60대,경기도,700만원 이상,"문화예술 관람하기, 스포츠 관람하기, 운동-스포츠 직접하기, 관광-여행, 사회교류","문화예술 관람하기, 스포츠 관람하기, 운동-스포츠 직접하기, 관광-여행, 사회교류"
53346105,202211,F,60대,경기도,700만원 이상,"문화예술 관람하기, 스포츠 관람하기, 운동-스포츠 직접하기, 관광-여행, 오락-휴식","문화예술 관람하기, 스포츠 관람하기, 운동-스포츠 직접하기, 관광-여행, 오락-휴식"
53350582,202211,F,60대,충청북도,700만원 이상,"문화예술 관람하기, 운동-스포츠 직접하기, 관광-여행","문화예술 관람하기, 운동-스포츠 직접하기, 관광-여행"
53339768,202211,M,60대,충청북도,700만원 이상,관광-여행,"문화예술 관람하기, 관광-여행"
53326017,202211,F,60대,충청북도,700만원 이상,"운동-스포츠 직접하기, 관광-여행, 오락-휴식, 자기계발-자기관리, 사회교류","문화예술 직접하기, 운동-스포츠 직접하기, 관광-여행, 오락-휴식, 자기계발-자기관리, 사회교류"
53330503,202211,F,60대,충청북도,700만원 이상,"관광-여행, 자기계발-자기관리","관광-여행, 자기계발-자기관리"
53343969,202211,M,50대,충청북도,700만원 이상,"스포츠 관람하기, 관광-여행, 자기계발-자기관리, 사회교류","스포츠 관람하기, 관광-여행, 자기계발-자기관리, 사회교류"
53368464,202211,M,50대,충청북도,700만원 이상,"문화예술 관람하기, 스포츠 관람하기, 운동-스포츠 직접하기, 자기계발-자기관리, 사회교류","문화예술 관람하기, 스포츠 관람하기, 운동-스포츠 직접하기, 오락-휴식, 자기계발-자기관리, 사회교류"
53326661,202211,M,50대,충청북도,700만원 이상,"문화예술 관람하기, 스포츠 관람하기, 운동-스포츠 직접하기, 관광-여행, 오락-휴식, 사회교류","문화예술 관람하기, 스포츠 관람하기, 운동-스포츠 직접하기, 관광-여행, 오락-휴식, 자기계발-자기관리, 사회교류"
53364776,202211,F,50대,충청북도,700만원 이상,"운동-스포츠 직접하기, 관광-여행, 오락-휴식, 자기계발-자기관리, 사회교류","문화예술 관람하기, 운동-스포츠 직접하기, 관광-여행, 오락-휴식, 자기계발-자기관리, 사회교류"
53357329,202211,F,50대,충청북도,700만원 이상,"문화예술 관람하기, 문화예술 직접하기, 스포츠 관람하기, 운동-스포츠 직접하기, 관광-여행, 오락-휴식","문화예술 관람하기, 문화예술 직접하기, 스포츠 관람하기, 운동-스포츠 직접하기, 관광-여행, 오락-휴식"
53347752,202211,F,40대,충청북도,700만원 이상,오락-휴식,"문화예술 관람하기, 오락-휴식"
53334233,202211,F,30대,충청북도,700만원 이상,"문화예술 관람하기, 문화예술 직접하기, 관광-여행, 오락-휴식, 자기계발-자기관리, 사회교류","문화예술 관람하기, 문화예술 직접하기, 관광-여행, 오락-휴식, 자기계발-자기관리, 사회교류"
53343905,202211,F,30대,충청북도,700만원 이상,"문화예술 관람하기, 문화예술 직접하기, 스포츠 관람하기, 운동-스포츠 직접하기, 관광-여행, 오락-휴식, 자기계발-자기관리, 사회교류","문화예술 관람하기, 문화예술 직접하기, 스포츠 관람하기, 운동-스포츠 직접하기, 관광-여행, 오락-휴식, 자기계발-자기관리, 사회교류"
53332214,202211,M,30대,충청북도,700만원 이상,"관광-여행, 오락-휴식","관광-여행, 오락-휴식"
53353203,202211,F,30대,충청북도,700만원 이상,"스포츠 관람하기, 운동-스포츠 직접하기, 관광-여행, 오락-휴식","스포츠 관람하기, 운동-스포츠 직접하기, 관광-여행, 오락-휴식"
53347234,202211,M,20대,충청남도,700만원 이상,"문화예술 관람하기, 운동-스포츠 직접하기, 사회교류","문화예술 관람하기, 운동-스포츠 직접하기, 관광-여행, 자기계발-자기관리, 사회교류"
53330957,202211,M,20대,충청북도,700만원 이상,"문화예술 관람하기, 관광-여행, 오락-휴식","문화예술 관람하기, 관광-여행, 오락-휴식"
53329669,202211,F,30대,충청북도,700만원 이상,"문화예술 관람하기, 문화예술 직접하기, 운동-스포츠 직접하기, 관광-여행, 오락-휴식, 자기계발-자기관리, 사회교류","문화예술 관람하기, 문화예술 직접하기, 운동-스포츠 직접하기, 관광-여행, 오락-휴식, 자기계발-자기관리, 사회교류"
53346693,202211,M,20대,충청북도,700만원 이상,"스포츠 관람하기, 운동-스포츠 직접하기, 관광-여행, 오락-휴식, 사회교류","스포츠 관람하기, 운동-스포츠 직접하기, 관광-여행, 오락-휴식, 사회교류"
53348186,202211,M,20대,충청북도,700만원 이상,"관광-여행, 오락-휴식, 사회교류","스포츠 관람하기, 운동-스포츠 직접하기, 관광-여행, 오락-휴식, 사회교류"
53376048,202211,F,20대,충청남도,700만원 이상,"문화예술 관람하기, 관광-여행, 오락-휴식, 자기계발-자기관리","문화예술 관람하기, 관광-여행, 오락-휴식, 자기계발-자기관리"
53344549,202211,F,30대,충청남도,700만원 이상,"문화예술 관람하기, 관광-여행, 오락-휴식, 자기계발-자기관리","문화예술 관람하기, 문화예술 직접하기, 스포츠 관람하기, 운동-스포츠 직접하기, 관광-여행, 오락-휴식, 자기계발-자기관리"
53353831,202211,M,40대,충청남도,700만원 이상,"문화예술 관람하기, 스포츠 관람하기, 운동-스포츠 직접하기, 관광-여행, 오락-휴식, 자기계발-자기관리, 사회교류","문화예술 관람하기, 스포츠 관람하기, 운동-스포츠 직접하기, 관광-여행, 오락-휴식, 자기계발-자기관리, 사회교류"
53328897,202211,F,40대,충청남도,700만원 이상,"문화예술 관람하기, 문화예술 직접하기, 자기계발-자기관리","문화예술 관람하기, 문화예술 직접하기, 자기계발-자기관리"
53350396,202211,M,50대,충청남도,700만원 이상,오락-휴식,오락-휴식
53337436,202211,M,60대,충청남도,700만원 이상,"스포츠 관람하기, 운동-스포츠 직접하기, 관광-여행, 오락-휴식, 자기계발-자기관리, 사회교류","스포츠 관람하기, 운동-스포츠 직접하기, 관광-여행, 오락-휴식, 자기계발-자기관리, 사회교류"
53360302,202211,M,50대,충청남도,700만원 이상,"문화예술 관람하기, 문화예술 직접하기, 스포츠 관람하기, 운동-스포츠 직접하기, 관광-여행, 오락-휴식, 자기계발-자기관리, 사회교류","문화예술 관람하기, 문화예술 직접하기, 스포츠 관람하기, 운동-스포츠 직접하기, 관광-여행, 오락-휴식, 자기계발-자기관리, 사회교류"
53351900,202211,M,60대,충청남도,700만원 이상,"스포츠 관람하기, 운동-스포츠 직접하기, 관광-여행, 오락-휴식, 사회교류","스포츠 관람하기, 운동-스포츠 직접하기, 관광-여행, 오락-휴식, 사회교류"
53327531,202211,M,50대,충청남도,700만원 이상,"스포츠 관람하기, 운동-스포츠 직접하기, 관광-여행, 오락-휴식, 자기계발-자기관리","스포츠 관람하기, 운동-스포츠 직접하기, 관광-여행, 오락-휴식, 자기계발-자기관리"
53369971,202211,M,50대,제주특별자치도,700만원 이상,"운동-스포츠 직접하기, 오락-휴식, 자기계발-자기관리","운동-스포츠 직접하기, 관광-여행, 오락-휴식, 자기계발-자기관리"
53363957,202211,F,60대,제주특별자치도,700만원 이상,"문화예술 관람하기, 스포츠 관람하기, 오락-휴식, 사회교류","문화예술 관람하기, 스포츠 관람하기, 오락-휴식, 사회교류"
53347386,202211,F,60대,충청남도,700만원 이상,"문화예술 직접하기, 운동-스포츠 직접하기, 관광-여행, 오락-휴식, 자기계발-자기관리, 사회교류","문화예술 직접하기, 스포츠 관람하기, 운동-스포츠 직접하기, 관광-여행, 오락-휴식, 자기계발-자기관리, 사회교류"
53348821,202211,F,60대,충청남도,700만원 이상,"문화예술 관람하기, 문화예술 직접하기, 스포츠 관람하기, 운동-스포츠 직접하기, 관광-여행, 오락-휴식, 자기계발-자기관리, 사회교류","문화예술 관람하기, 문화예술 직접하기, 스포츠 관람하기, 운동-스포츠 직접하기, 관광-여행, 오락-휴식, 자기계발-자기관리, 사회교류"
53337806,202211,F,60대,충청남도,700만원 이상,"문화예술 관람하기, 스포츠 관람하기, 운동-스포츠 직접하기, 관광-여행, 오락-휴식, 자기계발-자기관리, 사회교류","문화예술 관람하기, 스포츠 관람하기, 운동-스포츠 직접하기, 관광-여행, 오락-휴식, 자기계발-자기관리, 사회교류"
53325421,202211,M,20대,제주특별자치도,700만원 이상,자기계발-자기관리,"문화예술 관람하기, 운동-스포츠 직접하기, 관광-여행, 자기계발-자기관리"
53344296,202211,F,20대,전라북도,700만원 이상,자기계발-자기관리,"문화예술 관람하기, 자기계발-자기관리"
53357169,202211,M,20대,전라북도,700만원 이상,"문화예술 관람하기, 오락-휴식, 자기계발-자기관리","문화예술 관람하기, 오락-휴식, 자기계발-자기관리"
53331795,202211,M,20대,전라북도,700만원 이상,"스포츠 관람하기, 오락-휴식, 사회교류","문화예술 관람하기, 스포츠 관람하기, 관광-여행, 오락-휴식, 사회교류"
53343447,202211,F,30대,전라북도,700만원 이상,"문화예술 관람하기, 문화예술 직접하기, 운동-스포츠 직접하기, 사회교류","문화예술 관람하기, 문화예술 직접하기, 운동-스포츠 직접하기, 사회교류"
53330736,202211,F,30대,전라북도,700만원 이상,"문화예술 관람하기, 운동-스포츠 직접하기, 관광-여행, 오락-휴식, 자기계발-자기관리","문화예술 관람하기, 운동-스포츠 직접하기, 관광-여행, 오락-휴식, 자기계발-자기관리"
53350264,202211,F,20대,전라북도,700만원 이상,"문화예술 관람하기, 문화예술 직접하기, 운동-스포츠 직접하기, 관광-여행, 오락-휴식, 자기계발-자기관리, 사회교류","문화예술 관람하기, 문화예술 직접하기, 운동-스포츠 직접하기, 관광-여행, 오락-휴식, 자기계발-자기관리, 사회교류"
53347923,202211,F,30대,전라북도,700만원 이상,"문화예술 관람하기, 운동-스포츠 직접하기, 관광-여행, 오락-휴식, 자기계발-자기관리, 사회교류","문화예술 관람하기, 운동-스포츠 직접하기, 관광-여행, 오락-휴식, 자기계발-자기관리, 사회교류"
53352382,202211,F,30대,전라북도,700만원 이상,사회교류,"스포츠 관람하기, 사회교류"
53353255,202211,M,30대,전라북도,700만원 이상,"운동-스포츠 직접하기, 관광-여행","운동-스포츠 직접하기, 관광-여행"
53343883,202211,M,50대,전라북도,700만원 이상,"문화예술 관람하기, 스포츠 관람하기, 운동-스포츠 직접하기, 관광-여행, 오락-휴식, 사회교류","문화예술 관람하기, 스포츠 관람하기, 운동-스포츠 직접하기, 관광-여행, 오락-휴식, 사회교류"
53371359,202211,F,60대,전라북도,700만원 이상,"문화예술 관람하기, 운동-스포츠 직접하기, 관광-여행, 오락-휴식, 사회교류","문화예술 관람하기, 운동-스포츠 직접하기, 관광-여행, 오락-휴식, 사회교류"
53371582,202211,F,60대,전라북도,700만원 이상,"문화예술 관람하기, 문화예술 직접하기, 스포츠 관람하기, 운동-스포츠 직접하기, 관광-여행, 오락-휴식, 자기계발-자기관리, 사회교류","문화예술 관람하기, 문화예술 직접하기, 스포츠 관람하기, 운동-스포츠 직접하기, 관광-여행, 오락-휴식, 자기계발-자기관리, 사회교류"
53354852,202211,F,50대,전라북도,700만원 이상,"운동-스포츠 직접하기, 관광-여행, 오락-휴식, 사회교류","문화예술 관람하기, 스포츠 관람하기, 운동-스포츠 직접하기, 관광-여행, 오락-휴식, 사회교류"
53353867,202211,M,50대,전라북도,700만원 이상,"스포츠 관람하기, 운동-스포츠 직접하기, 관광-여행, 오락-휴식, 자기계발-자기관리, 사회교류","스포츠 관람하기, 운동-스포츠 직접하기, 관광-여행, 오락-휴식, 자기계발-자기관리, 사회교류"
53345195,202211,M,50대,전라북도,700만원 이상,"문화예술 관람하기, 운동-스포츠 직접하기, 관광-여행, 오락-휴식, 자기계발-자기관리","문화예술 관람하기, 스포츠 관람하기, 운동-스포츠 직접하기, 관광-여행, 오락-휴식, 자기계발-자기관리"
53365629,202211,M,50대,전라북도,700만원 이상,"자기계발-자기관리, 사회교류","스포츠 관람하기, 자기계발-자기관리, 사회교류"
53372844,202211,F,40대,전라북도,700만원 이상,"문화예술 관람하기, 운동-스포츠 직접하기, 관광-여행, 오락-휴식, 자기계발-자기관리, 사회교류","문화예술 관람하기, 스포츠 관람하기, 운동-스포츠 직접하기, 관광-여행, 오락-휴식, 자기계발-자기관리, 사회교류"
53367015,202211,F,40대,전라북도,700만원 이상,"관광-여행, 오락-휴식, 사회교류","관광-여행, 오락-휴식, 사회교류"
53351865,202211,M,60대,전라남도,700만원 이상,"문화예술 관람하기, 문화예술 직접하기, 스포츠 관람하기, 운동-스포츠 직접하기, 관광-여행, 오락-휴식, 사회교류","문화예술 관람하기, 문화예술 직접하기, 스포츠 관람하기, 운동-스포츠 직접하기, 관광-여행, 오락-휴식, 사회교류"
53377184,202211,F,50대,전라남도,700만원 이상,"문화예술 관람하기, 문화예술 직접하기, 관광-여행, 오락-휴식, 자기계발-자기관리, 사회교류","문화예술 관람하기, 문화예술 직접하기, 관광-여행, 오락-휴식, 자기계발-자기관리, 사회교류"
53348758,202211,F,50대,전라남도,700만원 이상,"문화예술 관람하기, 문화예술 직접하기, 운동-스포츠 직접하기, 관광-여행, 오락-휴식, 자기계발-자기관리, 사회교류","문화예술 관람하기, 문화예술 직접하기, 운동-스포츠 직접하기, 관광-여행, 오락-휴식, 자기계발-자기관리, 사회교류"
53353567,202211,M,50대,전라남도,700만원 이상,"운동-스포츠 직접하기, 관광-여행, 자기계발-자기관리","운동-스포츠 직접하기, 관광-여행, 자기계발-자기관리"
53337906,202211,F,40대,전라남도,700만원 이상,"문화예술 관람하기, 관광-여행, 오락-휴식, 사회교류","문화예술 관람하기, 관광-여행, 오락-휴식, 사회교류"
53342862,202211,F,30대,전라남도,700만원 이상,"관광-여행, 오락-휴식, 자기계발-자기관리, 사회교류","관광-여행, 오락-휴식, 자기계발-자기관리, 사회교류"
53324004,202211,M,20대,전라남도,700만원 이상,관광-여행,관광-여행
53358837,202211,M,20대,인천광역시,700만원 이상,"문화예술 관람하기, 오락-휴식","문화예술 관람하기, 스포츠 관람하기, 오락-휴식"
53335236,202211,F,20대,전라남도,700만원 이상,"문화예술 관람하기, 스포츠 관람하기, 운동-스포츠 직접하기, 관광-여행, 오락-휴식, 자기계발-자기관리, 사회교류","문화예술 관람하기, 스포츠 관람하기, 운동-스포츠 직접하기, 관광-여행, 오락-휴식, 자기계발-자기관리, 사회교류"
53337831,202211,M,20대,인천광역시,700만원 이상,"문화예술 관람하기, 문화예술 직접하기, 스포츠 관람하기, 운동-스포츠 직접하기, 관광-여행, 오락-휴식, 자기계발-자기관리, 사회교류","문화예술 관람하기, 문화예술 직접하기, 스포츠 관람하기, 운동-스포츠 직접하기, 관광-여행, 오락-휴식, 자기계발-자기관리, 사회교류"
53355192,202211,F,20대,인천광역시,700만원 이상,오락-휴식,오락-휴식
53358468,202211,M,20대,인천광역시,700만원 이상,"스포츠 관람하기, 운동-스포츠 직접하기, 관광-여행, 오락-휴식, 자기계발-자기관리","문화예술 관람하기, 스포츠 관람하기, 운동-스포츠 직접하기, 관광-여행, 오락-휴식, 자기계발-자기관리"
53338164,202211,F,20대,인천광역시,700만원 이상,"문화예술 관람하기, 관광-여행, 오락-휴식, 자기계발-자기관리","문화예술 관람하기, 관광-여행, 오락-휴식, 자기계발-자기관리"
53332854,202211,F,20대,인천광역시,700만원 이상,"스포츠 관람하기, 관광-여행, 오락-휴식, 자기계발-자기관리, 사회교류","문화예술 직접하기, 스포츠 관람하기, 관광-여행, 오락-휴식, 자기계발-자기관리, 사회교류"
53352770,202211,F,30대,인천광역시,700만원 이상,오락-휴식,"문화예술 직접하기, 오락-휴식"
53370508,202211,M,30대,인천광역시,700만원 이상,"문화예술 관람하기, 관광-여행","문화예술 관람하기, 관광-여행"
53333010,202211,M,40대,인천광역시,700만원 이상,"문화예술 관람하기, 스포츠 관람하기, 운동-스포츠 직접하기, 관광-여행, 오락-휴식, 자기계발-자기관리, 사회교류","문화예술 관람하기, 스포츠 관람하기, 운동-스포츠 직접하기, 관광-여행, 오락-휴식, 자기계발-자기관리, 사회교류"
53327206,202211,M,40대,인천광역시,700만원 이상,"관광-여행, 오락-휴식, 사회교류","운동-스포츠 직접하기, 관광-여행, 오락-휴식, 사회교류"
53350542,202211,F,40대,인천광역시,700만원 이상,"오락-휴식, 자기계발-자기관리","문화예술 관람하기, 오락-휴식, 자기계발-자기관리"
53356855,202211,F,40대,인천광역시,700만원 이상,"문화예술 관람하기, 관광-여행, 오락-휴식","문화예술 관람하기, 관광-여행, 오락-휴식"
53337308,202211,F,50대,인천광역시,700만원 이상,"문화예술 직접하기, 스포츠 관람하기, 운동-스포츠 직접하기, 관광-여행, 오락-휴식, 자기계발-자기관리, 사회교류","문화예술 직접하기, 스포츠 관람하기, 운동-스포츠 직접하기, 관광-여행, 오락-휴식, 자기계발-자기관리, 사회교류"
53336386,202211,F,50대,인천광역시,700만원 이상,"문화예술 관람하기, 스포츠 관람하기, 운동-스포츠 직접하기, 관광-여행, 오락-휴식, 사회교류","문화예술 관람하기, 스포츠 관람하기, 운동-스포츠 직접하기, 관광-여행, 오락-휴식, 사회교류"
53340349,202211,F,50대,인천광역시,700만원 이상,"스포츠 관람하기, 운동-스포츠 직접하기, 관광-여행, 오락-휴식, 자기계발-자기관리, 사회교류","스포츠 관람하기, 운동-스포츠 직접하기, 관광-여행, 오락-휴식, 자기계발-자기관리, 사회교류"
53341163,202211,F,50대,인천광역시,700만원 이상,"문화예술 관람하기, 운동-스포츠 직접하기, 관광-여행, 오락-휴식","문화예술 관람하기, 운동-스포츠 직접하기, 관광-여행, 오락-휴식"
53350592,202211,F,50대,인천광역시,700만원 이상,"문화예술 관람하기, 운동-스포츠 직접하기, 관광-여행, 오락-휴식, 자기계발-자기관리, 사회교류","문화예술 관람하기, 운동-스포츠 직접하기, 관광-여행, 오락-휴식, 자기계발-자기관리, 사회교류"
53362071,202211,M,50대,인천광역시,700만원 이상,"스포츠 관람하기, 운동-스포츠 직접하기, 관광-여행, 오락-휴식","스포츠 관람하기, 운동-스포츠 직접하기, 관광-여행, 오락-휴식"
53352539,202211,M,50대,인천광역시,700만원 이상,"스포츠 관람하기, 운동-스포츠 직접하기, 관광-여행, 오락-휴식, 사회교류","문화예술 관람하기, 문화예술 직접하기, 스포츠 관람하기, 운동-스포츠 직접하기, 관광-여행, 오락-휴식, 사회교류"
53352878,202211,M,50대,인천광역시,700만원 이상,"문화예술 관람하기, 스포츠 관람하기, 운동-스포츠 직접하기, 관광-여행, 오락-휴식, 사회교류","문화예술 관람하기, 문화예술 직접하기, 스포츠 관람하기, 운동-스포츠 직접하기, 관광-여행, 오락-휴식, 사회교류"
53377293,202211,M,50대,인천광역시,700만원 이상,"스포츠 관람하기, 운동-스포츠 직접하기, 관광-여행, 오락-휴식","스포츠 관람하기, 운동-스포츠 직접하기, 관광-여행, 오락-휴식"
53360055,202211,F,50대,인천광역시,700만원 이상,"문화예술 관람하기, 운동-스포츠 직접하기, 관광-여행, 사회교류","문화예술 관람하기, 문화예술 직접하기, 운동-스포츠 직접하기, 관광-여행, 사회교류"
53357959,202211,F,50대,인천광역시,700만원 이상,"문화예술 관람하기, 운동-스포츠 직접하기, 관광-여행, 오락-휴식, 자기계발-자기관리, 사회교류","문화예술 관람하기, 운동-스포츠 직접하기, 관광-여행, 오락-휴식, 자기계발-자기관리, 사회교류"
53337226,202211,M,60대,인천광역시,700만원 이상,"스포츠 관람하기, 운동-스포츠 직접하기, 관광-여행","스포츠 관람하기, 운동-스포츠 직접하기, 관광-여행"
53338310,202211,M,50대,인천광역시,700만원 이상,"스포츠 관람하기, 운동-스포츠 직접하기, 관광-여행, 오락-휴식, 자기계발-자기관리","스포츠 관람하기, 운동-스포츠 직접하기, 관광-여행, 오락-휴식, 자기계발-자기관리"
53348328,202211,M,50대,인천광역시,700만원 이상,"문화예술 관람하기, 관광-여행","문화예술 관람하기, 관광-여행"
53356912,202211,M,60대,인천광역시,700만원 이상,"문화예술 관람하기, 스포츠 관람하기, 관광-여행, 오락-휴식, 자기계발-자기관리, 사회교류","문화예술 관람하기, 스포츠 관람하기, 관광-여행, 오락-휴식, 자기계발-자기관리, 사회교류"
53359704,202211,M,60대,인천광역시,700만원 이상,"운동-스포츠 직접하기, 관광-여행, 오락-휴식, 사회교류","문화예술 관람하기, 운동-스포츠 직접하기, 관광-여행, 오락-휴식, 사회교류"
53376173,202211,F,60대,울산광역시,700만원 이상,"문화예술 직접하기, 스포츠 관람하기, 운동-스포츠 직접하기, 관광-여행, 오락-휴식, 사회교류","문화예술 관람하기, 문화예술 직접하기, 스포츠 관람하기, 운동-스포츠 직접하기, 관광-여행, 오락-휴식, 사회교류"
53369482,202211,F,60대,울산광역시,700만원 이상,"문화예술 관람하기, 운동-스포츠 직접하기, 관광-여행, 오락-휴식, 사회교류","문화예술 관람하기, 운동-스포츠 직접하기, 관광-여행, 오락-휴식, 사회교류"
53360624,202211,F,60대,인천광역시,700만원 이상,"운동-스포츠 직접하기, 관광-여행, 오락-휴식, 자기계발-자기관리, 사회교류","운동-스포츠 직접하기, 관광-여행, 오락-휴식, 자기계발-자기관리, 사회교류"
53357806,202211,F,50대,울산광역시,700만원 이상,"문화예술 관람하기, 운동-스포츠 직접하기, 관광-여행, 오락-휴식, 자기계발-자기관리","문화예술 관람하기, 운동-스포츠 직접하기, 관광-여행, 오락-휴식, 자기계발-자기관리"
53350526,202211,M,50대,울산광역시,700만원 이상,"운동-스포츠 직접하기, 관광-여행","운동-스포츠 직접하기, 관광-여행"
53326116,202211,M,50대,울산광역시,700만원 이상,"문화예술 관람하기, 스포츠 관람하기, 운동-스포츠 직접하기, 관광-여행, 오락-휴식, 사회교류","문화예술 관람하기, 스포츠 관람하기, 운동-스포츠 직접하기, 관광-여행, 오락-휴식, 사회교류"
53350224,202211,F,50대,울산광역시,700만원 이상,"문화예술 관람하기, 운동-스포츠 직접하기, 관광-여행, 오락-휴식, 자기계발-자기관리, 사회교류","문화예술 관람하기, 운동-스포츠 직접하기, 관광-여행, 오락-휴식, 자기계발-자기관리, 사회교류"
53325978,202211,F,40대,울산광역시,700만원 이상,"문화예술 관람하기, 문화예술 직접하기, 관광-여행, 오락-휴식, 자기계발-자기관리, 사회교류","문화예술 관람하기, 문화예술 직접하기, 관광-여행, 오락-휴식, 자기계발-자기관리, 사회교류"
53328592,202211,F,30대,울산광역시,700만원 이상,"문화예술 관람하기, 스포츠 관람하기, 운동-스포츠 직접하기, 관광-여행, 오락-휴식, 자기계발-자기관리, 사회교류","문화예술 관람하기, 스포츠 관람하기, 운동-스포츠 직접하기, 관광-여행, 오락-휴식, 자기계발-자기관리, 사회교류"
53330940,202211,F,60대,강원도,700만원 이상,"문화예술 관람하기, 관광-여행, 오락-휴식, 사회교류","문화예술 관람하기, 문화예술 직접하기, 스포츠 관람하기, 관광-여행, 오락-휴식, 사회교류"
53365835,202211,M,60대,세종특별자치시,700만원 이상,"문화예술 직접하기, 스포츠 관람하기, 운동-스포츠 직접하기, 관광-여행, 오락-휴식, 자기계발-자기관리, 사회교류","문화예술 관람하기, 문화예술 직접하기, 스포츠 관람하기, 운동-스포츠 직접하기, 관광-여행, 오락-휴식, 자기계발-자기관리, 사회교류"
53337340,202211,M,50대,세종특별자치시,700만원 이상,"관광-여행, 오락-휴식, 자기계발-자기관리","문화예술 관람하기, 관광-여행, 오락-휴식, 자기계발-자기관리"
53331675,202211,M,40대,세종특별자치시,700만원 이상,"스포츠 관람하기, 운동-스포츠 직접하기, 오락-휴식, 자기계발-자기관리, 사회교류","문화예술 관람하기, 스포츠 관람하기, 운동-스포츠 직접하기, 오락-휴식, 자기계발-자기관리, 사회교류"
53326760,202211,F,40대,세종특별자치시,700만원 이상,"오락-휴식, 사회교류","문화예술 관람하기, 오락-휴식, 사회교류"
53327555,202211,F,30대,세종특별자치시,700만원 이상,"관광-여행, 오락-휴식","관광-여행, 오락-휴식"
53345057,202211,M,60대,강원도,700만원 이상,"문화예술 관람하기, 스포츠 관람하기, 운동-스포츠 직접하기, 관광-여행, 오락-휴식, 사회교류","문화예술 관람하기, 스포츠 관람하기, 운동-스포츠 직접하기, 관광-여행, 오락-휴식, 사회교류"
53366902,202211,M,60대,강원도,700만원 이상,"문화예술 관람하기, 스포츠 관람하기, 운동-스포츠 직접하기, 관광-여행, 사회교류","문화예술 관람하기, 스포츠 관람하기, 운동-스포츠 직접하기, 관광-여행, 사회교류"
53355797,202211,M,50대,강원도,700만원 이상,"관광-여행, 오락-휴식, 사회교류","문화예술 관람하기, 스포츠 관람하기, 관광-여행, 오락-휴식, 사회교류"
53336885,202211,F,50대,강원도,700만원 이상,"관광-여행, 자기계발-자기관리","문화예술 관람하기, 관광-여행, 자기계발-자기관리"
53336842,202211,F,40대,강원도,700만원 이상,"문화예술 관람하기, 스포츠 관람하기, 오락-휴식, 사회교류","문화예술 관람하기, 스포츠 관람하기, 오락-휴식, 사회교류"
53334207,202211,F,50대,강원도,700만원 이상,"문화예술 관람하기, 문화예술 직접하기, 운동-스포츠 직접하기, 관광-여행, 오락-휴식, 자기계발-자기관리, 사회교류","문화예술 관람하기, 문화예술 직접하기, 운동-스포츠 직접하기, 관광-여행, 오락-휴식, 자기계발-자기관리, 사회교류"
53365472,202211,F,40대,강원도,700만원 이상,"운동-스포츠 직접하기, 관광-여행, 사회교류","운동-스포츠 직접하기, 관광-여행, 사회교류"
53325431,202211,F,40대,강원도,700만원 이상,"문화예술 관람하기, 문화예술 직접하기, 스포츠 관람하기, 운동-스포츠 직접하기, 관광-여행, 오락-휴식, 자기계발-자기관리, 사회교류","문화예술 관람하기, 문화예술 직접하기, 스포츠 관람하기, 운동-스포츠 직접하기, 관광-여행, 오락-휴식, 자기계발-자기관리, 사회교류"
53368650,202211,M,30대,강원도,700만원 이상,"문화예술 관람하기, 문화예술 직접하기, 관광-여행, 오락-휴식, 자기계발-자기관리","문화예술 관람하기, 문화예술 직접하기, 관광-여행, 오락-휴식, 자기계발-자기관리"
53329169,202211,F,30대,강원도,700만원 이상,"문화예술 관람하기, 문화예술 직접하기, 스포츠 관람하기, 운동-스포츠 직접하기, 관광-여행, 오락-휴식, 자기계발-자기관리, 사회교류","문화예술 관람하기, 문화예술 직접하기, 스포츠 관람하기, 운동-스포츠 직접하기, 관광-여행, 오락-휴식, 자기계발-자기관리, 사회교류"
53350465,202211,F,20대,강원도,700만원 이상,"문화예술 관람하기, 운동-스포츠 직접하기, 관광-여행, 오락-휴식","문화예술 관람하기, 스포츠 관람하기, 운동-스포츠 직접하기, 관광-여행, 오락-휴식, 자기계발-자기관리"
53335092,202211,F,20대,강원도,700만원 이상,"운동-스포츠 직접하기, 오락-휴식, 자기계발-자기관리, 사회교류","문화예술 직접하기, 운동-스포츠 직접하기, 오락-휴식, 자기계발-자기관리, 사회교류"
53349073,202211,F,30대,강원도,700만원 이상,"문화예술 관람하기, 관광-여행, 오락-휴식, 자기계발-자기관리, 사회교류","문화예술 관람하기, 스포츠 관람하기, 관광-여행, 오락-휴식, 자기계발-자기관리, 사회교류"
53366840,202211,F,20대,강원도,무응답,"문화예술 관람하기, 운동-스포츠 직접하기, 관광-여행, 오락-휴식, 자기계발-자기관리, 사회교류","문화예술 관람하기, 운동-스포츠 직접하기, 관광-여행, 오락-휴식, 자기계발-자기관리, 사회교류"
53328657,202211,F,20대,강원도,무응답,"관광-여행, 오락-휴식","문화예술 관람하기, 관광-여행, 오락-휴식, 자기계발-자기관리"
53342288,202211,F,30대,강원도,무응답,"운동-스포츠 직접하기, 오락-휴식, 사회교류","문화예술 관람하기, 운동-스포츠 직접하기, 관광-여행, 오락-휴식, 사회교류"
53345754,202211,F,30대,강원도,무응답,스포츠 관람하기,"스포츠 관람하기, 오락-휴식"
53375144,202211,F,20대,강원도,무응답,"관광-여행, 오락-휴식","문화예술 관람하기, 관광-여행, 오락-휴식, 자기계발-자기관리"
53368138,202211,M,60대,강원도,무응답,"문화예술 관람하기, 운동-스포츠 직접하기, 관광-여행, 오락-휴식, 사회교류","문화예술 관람하기, 운동-스포츠 직접하기, 관광-여행, 오락-휴식, 사회교류"
53344602,202211,F,20대,울산광역시,무응답,"문화예술 관람하기, 스포츠 관람하기, 관광-여행, 오락-휴식, 사회교류","문화예술 관람하기, 스포츠 관람하기, 운동-스포츠 직접하기, 관광-여행, 오락-휴식, 자기계발-자기관리, 사회교류"
53377200,202211,F,30대,울산광역시,무응답,"문화예술 관람하기, 관광-여행, 오락-휴식, 자기계발-자기관리, 사회교류","문화예술 관람하기, 문화예술 직접하기, 관광-여행, 오락-휴식, 자기계발-자기관리, 사회교류"
53356171,202211,M,60대,울산광역시,무응답,"문화예술 관람하기, 문화예술 직접하기, 스포츠 관람하기, 운동-스포츠 직접하기, 관광-여행, 오락-휴식, 자기계발-자기관리, 사회교류","문화예술 관람하기, 문화예술 직접하기, 스포츠 관람하기, 운동-스포츠 직접하기, 관광-여행, 오락-휴식, 자기계발-자기관리, 사회교류"
53360961,202211,F,60대,울산광역시,무응답,"스포츠 관람하기, 관광-여행, 오락-휴식, 자기계발-자기관리, 사회교류","문화예술 관람하기, 스포츠 관람하기, 관광-여행, 오락-휴식, 자기계발-자기관리, 사회교류"
53346309,202211,F,50대,인천광역시,무응답,"문화예술 관람하기, 관광-여행","문화예술 관람하기, 스포츠 관람하기, 관광-여행"
53331824,202211,F,50대,인천광역시,무응답,"운동-스포츠 직접하기, 오락-휴식","운동-스포츠 직접하기, 오락-휴식"
53332063,202211,M,40대,인천광역시,무응답,"문화예술 관람하기, 오락-휴식","문화예술 관람하기, 오락-휴식"
53358412,202211,F,20대,인천광역시,무응답,"운동-스포츠 직접하기, 오락-휴식, 자기계발-자기관리, 사회교류","문화예술 관람하기, 스포츠 관람하기, 운동-스포츠 직접하기, 관광-여행, 오락-휴식, 자기계발-자기관리, 사회교류"
53370026,202211,F,20대,인천광역시,무응답,"문화예술 관람하기, 운동-스포츠 직접하기, 관광-여행, 오락-휴식, 자기계발-자기관리, 사회교류","문화예술 관람하기, 스포츠 관람하기, 운동-스포츠 직접하기, 관광-여행, 오락-휴식, 자기계발-자기관리, 사회교류"
53345508,202211,M,20대,인천광역시,무응답,오락-휴식,오락-휴식
53362893,202211,M,20대,인천광역시,무응답,"오락-휴식, 자기계발-자기관리","문화예술 관람하기, 오락-휴식, 자기계발-자기관리"
53359738,202211,M,20대,인천광역시,무응답,문화예술 관람하기,"문화예술 관람하기, 문화예술 직접하기, 오락-휴식"
53336506,202211,F,20대,인천광역시,무응답,"문화예술 관람하기, 관광-여행, 오락-휴식, 자기계발-자기관리, 사회교류","문화예술 관람하기, 스포츠 관람하기, 관광-여행, 오락-휴식, 자기계발-자기관리, 사회교류"
53368683,202211,F,20대,인천광역시,무응답,"문화예술 관람하기, 문화예술 직접하기, 운동-스포츠 직접하기, 관광-여행, 오락-휴식, 자기계발-자기관리, 사회교류","문화예술 관람하기, 문화예술 직접하기, 스포츠 관람하기, 운동-스포츠 직접하기, 관광-여행, 오락-휴식, 자기계발-자기관리, 사회교류"
53332800,202211,M,20대,인천광역시,무응답,"스포츠 관람하기, 운동-스포츠 직접하기, 오락-휴식, 자기계발-자기관리, 사회교류","문화예술 관람하기, 스포츠 관람하기, 운동-스포츠 직접하기, 오락-휴식, 자기계발-자기관리, 사회교류"
53336992,202211,M,20대,전라남도,무응답,"문화예술 관람하기, 스포츠 관람하기, 오락-휴식, 자기계발-자기관리, 사회교류","문화예술 관람하기, 스포츠 관람하기, 오락-휴식, 자기계발-자기관리, 사회교류"
53350687,202211,M,20대,전라남도,무응답,"문화예술 관람하기, 운동-스포츠 직접하기, 오락-휴식, 자기계발-자기관리, 사회교류","문화예술 관람하기, 운동-스포츠 직접하기, 관광-여행, 오락-휴식, 자기계발-자기관리, 사회교류"
53345395,202211,M,20대,전라남도,무응답,문화예술 관람하기,"문화예술 관람하기, 관광-여행"
53358801,202211,F,20대,전라남도,무응답,오락-휴식,"관광-여행, 오락-휴식"
53342557,202211,F,20대,전라남도,무응답,"관광-여행, 오락-휴식, 사회교류","문화예술 관람하기, 관광-여행, 오락-휴식, 사회교류"
53331154,202211,F,20대,전라남도,무응답,"운동-스포츠 직접하기, 관광-여행, 오락-휴식, 자기계발-자기관리","운동-스포츠 직접하기, 관광-여행, 오락-휴식, 자기계발-자기관리, 사회교류"
53348029,202211,F,30대,전라남도,무응답,"운동-스포츠 직접하기, 오락-휴식, 자기계발-자기관리","문화예술 관람하기, 운동-스포츠 직접하기, 오락-휴식, 자기계발-자기관리"
53361510,202211,F,50대,전라북도,무응답,"운동-스포츠 직접하기, 자기계발-자기관리, 사회교류","운동-스포츠 직접하기, 자기계발-자기관리, 사회교류"
53327773,202211,M,40대,전라북도,무응답,운동-스포츠 직접하기,"운동-스포츠 직접하기, 관광-여행"
53375545,202211,F,20대,전라북도,무응답,"운동-스포츠 직접하기, 오락-휴식, 자기계발-자기관리, 사회교류","운동-스포츠 직접하기, 관광-여행, 오락-휴식, 자기계발-자기관리, 사회교류"
53357445,202211,M,20대,전라북도,무응답,"스포츠 관람하기, 운동-스포츠 직접하기, 관광-여행, 오락-휴식, 자기계발-자기관리","스포츠 관람하기, 운동-스포츠 직접하기, 관광-여행, 오락-휴식, 자기계발-자기관리, 사회교류"
53335858,202211,F,20대,전라북도,무응답,"문화예술 관람하기, 스포츠 관람하기, 운동-스포츠 직접하기, 오락-휴식, 사회교류","문화예술 관람하기, 스포츠 관람하기, 운동-스포츠 직접하기, 관광-여행, 오락-휴식, 자기계발-자기관리, 사회교류"
53350355,202211,M,20대,제주특별자치도,무응답,"스포츠 관람하기, 관광-여행","문화예술 관람하기, 스포츠 관람하기, 관광-여행"
53330406,202211,M,20대,전라북도,무응답,오락-휴식,"운동-스포츠 직접하기, 오락-휴식"
53327629,202211,F,60대,충청남도,무응답,"문화예술 관람하기, 관광-여행, 오락-휴식","문화예술 관람하기, 스포츠 관람하기, 관광-여행, 오락-휴식"
53343741,202211,M,30대,충청남도,무응답,"문화예술 관람하기, 운동-스포츠 직접하기, 관광-여행, 오락-휴식, 자기계발-자기관리, 사회교류","문화예술 관람하기, 문화예술 직접하기, 운동-스포츠 직접하기, 관광-여행, 오락-휴식, 자기계발-자기관리, 사회교류"
53343629,202211,F,30대,충청남도,무응답,"문화예술 관람하기, 운동-스포츠 직접하기, 관광-여행, 오락-휴식, 자기계발-자기관리, 사회교류","문화예술 관람하기, 운동-스포츠 직접하기, 관광-여행, 오락-휴식, 자기계발-자기관리, 사회교류"
53344871,202211,F,20대,충청남도,무응답,"관광-여행, 오락-휴식","관광-여행, 오락-휴식"
53339857,202211,F,20대,충청남도,무응답,"관광-여행, 오락-휴식, 자기계발-자기관리, 사회교류","관광-여행, 오락-휴식, 자기계발-자기관리, 사회교류"
53345546,202211,F,30대,충청남도,무응답,오락-휴식,오락-휴식
53370486,202211,M,20대,충청남도,무응답,"문화예술 관람하기, 운동-스포츠 직접하기, 오락-휴식, 자기계발-자기관리, 사회교류","문화예술 관람하기, 운동-스포츠 직접하기, 오락-휴식, 자기계발-자기관리, 사회교류"
53344811,202211,F,20대,충청남도,무응답,"문화예술 직접하기, 운동-스포츠 직접하기, 오락-휴식, 자기계발-자기관리","문화예술 관람하기, 문화예술 직접하기, 운동-스포츠 직접하기, 오락-휴식, 자기계발-자기관리"
53341999,202211,F,20대,충청남도,무응답,"스포츠 관람하기, 관광-여행, 오락-휴식, 자기계발-자기관리, 사회교류","문화예술 관람하기, 스포츠 관람하기, 관광-여행, 오락-휴식, 자기계발-자기관리, 사회교류"
53369947,202211,M,20대,충청북도,무응답,"운동-스포츠 직접하기, 오락-휴식, 자기계발-자기관리, 사회교류","운동-스포츠 직접하기, 오락-휴식, 자기계발-자기관리, 사회교류"
53375138,202211,M,20대,충청북도,무응답,"오락-휴식, 자기계발-자기관리","오락-휴식, 자기계발-자기관리"
53334763,202211,F,30대,충청북도,무응답,"관광-여행, 오락-휴식, 자기계발-자기관리, 사회교류","관광-여행, 오락-휴식, 자기계발-자기관리, 사회교류"
53366519,202211,M,30대,충청북도,무응답,"문화예술 관람하기, 오락-휴식, 자기계발-자기관리, 사회교류","문화예술 관람하기, 오락-휴식, 자기계발-자기관리, 사회교류"
53340698,202211,F,60대,충청북도,무응답,"운동-스포츠 직접하기, 관광-여행, 사회교류","운동-스포츠 직접하기, 관광-여행, 사회교류"
53366798,202211,F,60대,충청북도,무응답,운동-스포츠 직접하기,"운동-스포츠 직접하기, 오락-휴식"
53377336,202211,F,60대,경기도,무응답,"운동-스포츠 직접하기, 관광-여행, 오락-휴식","문화예술 직접하기, 운동-스포츠 직접하기, 관광-여행, 오락-휴식"
53358671,202211,F,40대,경기도,무응답,"문화예술 관람하기, 운동-스포츠 직접하기, 관광-여행, 자기계발-자기관리, 사회교류","문화예술 관람하기, 문화예술 직접하기, 운동-스포츠 직접하기, 관광-여행, 자기계발-자기관리, 사회교류"
53343205,202211,F,30대,경기도,무응답,"문화예술 직접하기, 운동-스포츠 직접하기, 관광-여행, 오락-휴식, 자기계발-자기관리, 사회교류","문화예술 직접하기, 운동-스포츠 직접하기, 관광-여행, 오락-휴식, 자기계발-자기관리, 사회교류"
53323936,202211,M,30대,경기도,무응답,"문화예술 관람하기, 스포츠 관람하기, 운동-스포츠 직접하기, 관광-여행, 오락-휴식, 사회교류","문화예술 관람하기, 스포츠 관람하기, 운동-스포츠 직접하기, 관광-여행, 오락-휴식, 사회교류"
53346923,202211,F,20대,경기도,무응답,"문화예술 관람하기, 운동-스포츠 직접하기, 관광-여행, 오락-휴식, 자기계발-자기관리","문화예술 관람하기, 운동-스포츠 직접하기, 관광-여행, 오락-휴식, 자기계발-자기관리"
53345641,202211,F,20대,경기도,무응답,"문화예술 관람하기, 관광-여행, 오락-휴식, 자기계발-자기관리, 사회교류","문화예술 관람하기, 스포츠 관람하기, 관광-여행, 오락-휴식, 자기계발-자기관리, 사회교류"
53352517,202211,F,20대,경기도,무응답,"운동-스포츠 직접하기, 관광-여행, 오락-휴식","운동-스포츠 직접하기, 관광-여행, 오락-휴식"
53337818,202211,F,20대,경기도,무응답,"문화예술 관람하기, 관광-여행, 오락-휴식, 사회교류","문화예술 관람하기, 관광-여행, 오락-휴식, 자기계발-자기관리, 사회교류"
53377357,202211,F,20대,경기도,무응답,오락-휴식,"운동-스포츠 직접하기, 관광-여행, 오락-휴식, 자기계발-자기관리"
53344091,202211,F,20대,경기도,무응답,"문화예술 관람하기, 운동-스포츠 직접하기, 관광-여행, 오락-휴식, 사회교류","문화예술 관람하기, 운동-스포츠 직접하기, 관광-여행, 오락-휴식, 사회교류"
53361073,202211,F,20대,경기도,무응답,오락-휴식,"문화예술 관람하기, 오락-휴식"
53360904,202211,F,20대,경기도,무응답,관광-여행,"운동-스포츠 직접하기, 관광-여행"
53332382,202211,F,20대,경기도,무응답,"문화예술 관람하기, 오락-휴식, 사회교류","문화예술 관람하기, 관광-여행, 오락-휴식, 자기계발-자기관리, 사회교류"
53326645,202211,F,20대,경기도,무응답,오락-휴식,오락-휴식
53377534,202211,F,20대,경기도,무응답,문화예술 관람하기,"문화예술 관람하기, 관광-여행"
53359638,202211,M,20대,경기도,무응답,"문화예술 관람하기, 운동-스포츠 직접하기, 오락-휴식","문화예술 관람하기, 운동-스포츠 직접하기, 관광-여행, 오락-휴식"
53376835,202211,M,20대,경기도,무응답,"오락-휴식, 자기계발-자기관리, 사회교류","문화예술 관람하기, 오락-휴식, 자기계발-자기관리, 사회교류"
53343065,202211,M,20대,경기도,무응답,오락-휴식,오락-휴식
53365775,202211,M,20대,경기도,무응답,"문화예술 직접하기, 운동-스포츠 직접하기, 관광-여행, 오락-휴식, 자기계발-자기관리, 사회교류","문화예술 관람하기, 문화예술 직접하기, 스포츠 관람하기, 운동-스포츠 직접하기, 관광-여행, 오락-휴식, 자기계발-자기관리, 사회교류"
53345899,202211,M,20대,경기도,무응답,자기계발-자기관리,"문화예술 관람하기, 자기계발-자기관리, 사회교류"
53342971,202211,M,20대,경기도,무응답,"스포츠 관람하기, 운동-스포츠 직접하기, 관광-여행, 오락-휴식, 자기계발-자기관리","스포츠 관람하기, 운동-스포츠 직접하기, 관광-여행, 오락-휴식, 자기계발-자기관리"
53373027,202211,M,20대,경기도,무응답,"오락-휴식, 사회교류","스포츠 관람하기, 오락-휴식, 사회교류"
53327144,202211,M,20대,경기도,무응답,"문화예술 관람하기, 스포츠 관람하기, 운동-스포츠 직접하기, 관광-여행, 오락-휴식, 자기계발-자기관리, 사회교류","문화예술 관람하기, 스포츠 관람하기, 운동-스포츠 직접하기, 관광-여행, 오락-휴식, 자기계발-자기관리, 사회교류"
53346582,202211,M,20대,경기도,무응답,관광-여행,관광-여행
53331307,202211,M,20대,경기도,무응답,"문화예술 관람하기, 스포츠 관람하기, 운동-스포츠 직접하기, 관광-여행, 오락-휴식, 사회교류","문화예술 관람하기, 스포츠 관람하기, 운동-스포츠 직접하기, 관광-여행, 오락-휴식, 사회교류"
53338428,202211,F,20대,경상남도,무응답,"문화예술 관람하기, 문화예술 직접하기, 스포츠 관람하기, 관광-여행, 오락-휴식, 자기계발-자기관리, 사회교류","문화예술 관람하기, 문화예술 직접하기, 스포츠 관람하기, 관광-여행, 오락-휴식, 자기계발-자기관리, 사회교류"
53368424,202211,M,20대,경기도,무응답,"오락-휴식, 사회교류","스포츠 관람하기, 관광-여행, 오락-휴식, 자기계발-자기관리, 사회교류"
53364503,202211,M,20대,경기도,무응답,관광-여행,"스포츠 관람하기, 관광-여행"
53363839,202211,M,20대,경상남도,무응답,운동-스포츠 직접하기,"운동-스포츠 직접하기, 자기계발-자기관리"
53377016,202211,M,30대,경상남도,무응답,"관광-여행, 오락-휴식, 자기계발-자기관리, 사회교류","문화예술 관람하기, 관광-여행, 오락-휴식, 자기계발-자기관리, 사회교류"
53345781,202211,F,40대,경상남도,무응답,"문화예술 직접하기, 사회교류","문화예술 관람하기, 문화예술 직접하기, 사회교류"
53334084,202211,F,40대,경상남도,무응답,"운동-스포츠 직접하기, 관광-여행, 오락-휴식","운동-스포츠 직접하기, 관광-여행, 오락-휴식"
53351244,202211,F,50대,경상남도,무응답,"관광-여행, 오락-휴식, 자기계발-자기관리, 사회교류","문화예술 관람하기, 관광-여행, 오락-휴식, 자기계발-자기관리, 사회교류"
53367782,202211,F,50대,경상남도,무응답,"운동-스포츠 직접하기, 관광-여행, 오락-휴식, 자기계발-자기관리, 사회교류","운동-스포츠 직접하기, 관광-여행, 오락-휴식, 자기계발-자기관리, 사회교류"
53340053,202211,M,50대,경상남도,무응답,"운동-스포츠 직접하기, 관광-여행, 오락-휴식","운동-스포츠 직접하기, 관광-여행, 오락-휴식"
53330802,202211,F,50대,경상북도,무응답,"운동-스포츠 직접하기, 자기계발-자기관리, 사회교류","운동-스포츠 직접하기, 자기계발-자기관리, 사회교류"
53349579,202211,M,40대,경상북도,무응답,오락-휴식,"운동-스포츠 직접하기, 오락-휴식"
53377405,202211,F,40대,경상북도,무응답,"문화예술 관람하기, 문화예술 직접하기, 운동-스포츠 직접하기, 관광-여행, 오락-휴식, 사회교류","문화예술 관람하기, 문화예술 직접하기, 운동-스포츠 직접하기, 관광-여행, 오락-휴식, 자기계발-자기관리, 사회교류"
53343475,202211,M,30대,경상북도,무응답,"스포츠 관람하기, 오락-휴식","스포츠 관람하기, 오락-휴식"
53339894,202211,M,40대,경상북도,무응답,오락-휴식,오락-휴식
53348230,202211,F,20대,경상북도,무응답,"운동-스포츠 직접하기, 관광-여행, 오락-휴식, 자기계발-자기관리, 사회교류","운동-스포츠 직접하기, 관광-여행, 오락-휴식, 자기계발-자기관리, 사회교류"
53337094,202211,F,30대,경상북도,무응답,"관광-여행, 사회교류","관광-여행, 사회교류"
53369904,202211,M,20대,경상북도,무응답,"문화예술 관람하기, 관광-여행, 오락-휴식","문화예술 관람하기, 관광-여행, 오락-휴식, 자기계발-자기관리, 사회교류"
53347097,202211,M,20대,경상북도,무응답,"문화예술 관람하기, 운동-스포츠 직접하기, 오락-휴식","문화예술 관람하기, 운동-스포츠 직접하기, 관광-여행, 오락-휴식"
53327154,202211,F,20대,경상북도,무응답,"오락-휴식, 사회교류","관광-여행, 오락-휴식, 자기계발-자기관리, 사회교류"
53362964,202211,F,20대,경상북도,무응답,"스포츠 관람하기, 관광-여행, 오락-휴식, 자기계발-자기관리, 사회교류","스포츠 관람하기, 관광-여행, 오락-휴식, 자기계발-자기관리, 사회교류"
53335667,202211,F,20대,광주광역시,무응답,"문화예술 관람하기, 운동-스포츠 직접하기, 관광-여행, 오락-휴식, 자기계발-자기관리, 사회교류","문화예술 관람하기, 문화예술 직접하기, 스포츠 관람하기, 운동-스포츠 직접하기, 관광-여행, 오락-휴식, 자기계발-자기관리, 사회교류"
53349883,202211,F,20대,광주광역시,무응답,"문화예술 관람하기, 관광-여행, 오락-휴식, 자기계발-자기관리, 사회교류","문화예술 관람하기, 관광-여행, 오락-휴식, 자기계발-자기관리, 사회교류"
53327534,202211,M,20대,광주광역시,무응답,"운동-스포츠 직접하기, 오락-휴식, 자기계발-자기관리","운동-스포츠 직접하기, 오락-휴식, 자기계발-자기관리"
53345604,202211,M,20대,광주광역시,무응답,"문화예술 관람하기, 스포츠 관람하기, 오락-휴식, 사회교류","문화예술 관람하기, 스포츠 관람하기, 오락-휴식, 사회교류"
53348284,202211,M,20대,광주광역시,무응답,"운동-스포츠 직접하기, 관광-여행, 오락-휴식, 사회교류","스포츠 관람하기, 운동-스포츠 직접하기, 관광-여행, 오락-휴식, 사회교류"
53343179,202211,M,20대,광주광역시,무응답,"운동-스포츠 직접하기, 오락-휴식","운동-스포츠 직접하기, 오락-휴식"
53363553,202211,M,20대,경상북도,무응답,"문화예술 관람하기, 스포츠 관람하기, 운동-스포츠 직접하기, 관광-여행, 오락-휴식, 사회교류","문화예술 관람하기, 스포츠 관람하기, 운동-스포츠 직접하기, 관광-여행, 오락-휴식, 사회교류"
53342294,202211,F,20대,광주광역시,무응답,"문화예술 관람하기, 스포츠 관람하기, 운동-스포츠 직접하기, 관광-여행, 오락-휴식, 자기계발-자기관리, 사회교류","문화예술 관람하기, 스포츠 관람하기, 운동-스포츠 직접하기, 관광-여행, 오락-휴식, 자기계발-자기관리, 사회교류"
53353357,202211,M,60대,대구광역시,무응답,"관광-여행, 오락-휴식","문화예술 관람하기, 문화예술 직접하기, 관광-여행, 오락-휴식"
53329666,202211,F,50대,대구광역시,무응답,오락-휴식,"문화예술 관람하기, 관광-여행, 오락-휴식"
53341666,202211,F,50대,대구광역시,무응답,"운동-스포츠 직접하기, 관광-여행, 오락-휴식","운동-스포츠 직접하기, 관광-여행, 오락-휴식"
53348860,202211,F,30대,대구광역시,무응답,"스포츠 관람하기, 관광-여행, 오락-휴식, 자기계발-자기관리","스포츠 관람하기, 관광-여행, 오락-휴식, 자기계발-자기관리"
53376236,202211,F,20대,대구광역시,무응답,"문화예술 관람하기, 스포츠 관람하기, 관광-여행, 오락-휴식, 자기계발-자기관리, 사회교류","문화예술 관람하기, 스포츠 관람하기, 관광-여행, 오락-휴식, 자기계발-자기관리, 사회교류"
53360420,202211,F,20대,대구광역시,무응답,"문화예술 관람하기, 관광-여행, 오락-휴식","문화예술 관람하기, 관광-여행, 오락-휴식, 자기계발-자기관리"
53339208,202211,F,20대,대구광역시,무응답,"관광-여행, 오락-휴식, 사회교류","문화예술 관람하기, 관광-여행, 오락-휴식, 자기계발-자기관리, 사회교류"
53338583,202211,F,20대,대구광역시,무응답,"운동-스포츠 직접하기, 오락-휴식, 자기계발-자기관리","운동-스포츠 직접하기, 오락-휴식, 자기계발-자기관리"
53368624,202211,F,20대,대구광역시,무응답,"운동-스포츠 직접하기, 관광-여행, 오락-휴식","운동-스포츠 직접하기, 관광-여행, 오락-휴식"
53338313,202211,M,20대,대구광역시,무응답,"운동-스포츠 직접하기, 관광-여행","문화예술 관람하기, 스포츠 관람하기, 운동-스포츠 직접하기, 관광-여행, 오락-휴식, 자기계발-자기관리, 사회교류"
53328942,202211,F,20대,대전광역시,무응답,"문화예술 관람하기, 오락-휴식, 사회교류","문화예술 관람하기, 관광-여행, 오락-휴식, 자기계발-자기관리, 사회교류"
53331381,202211,F,20대,대전광역시,무응답,"오락-휴식, 자기계발-자기관리, 사회교류","운동-스포츠 직접하기, 오락-휴식, 자기계발-자기관리, 사회교류"
53362240,202211,M,20대,대구광역시,무응답,오락-휴식,오락-휴식
53366188,202211,F,20대,대구광역시,무응답,"운동-스포츠 직접하기, 관광-여행, 오락-휴식, 자기계발-자기관리, 사회교류","문화예술 관람하기, 문화예술 직접하기, 스포츠 관람하기, 운동-스포츠 직접하기, 관광-여행, 오락-휴식, 자기계발-자기관리, 사회교류"
53340301,202211,M,20대,대구광역시,무응답,문화예술 직접하기,"문화예술 직접하기, 관광-여행"
53336195,202211,M,20대,대전광역시,무응답,오락-휴식,"운동-스포츠 직접하기, 관광-여행, 오락-휴식"
53335792,202211,M,30대,대전광역시,무응답,"운동-스포츠 직접하기, 오락-휴식","운동-스포츠 직접하기, 오락-휴식"
53326531,202211,F,30대,대전광역시,무응답,"문화예술 직접하기, 관광-여행, 오락-휴식, 사회교류","문화예술 직접하기, 관광-여행, 오락-휴식, 사회교류"
53339175,202211,F,50대,대전광역시,무응답,"문화예술 관람하기, 운동-스포츠 직접하기, 관광-여행, 오락-휴식, 자기계발-자기관리","문화예술 관람하기, 운동-스포츠 직접하기, 관광-여행, 오락-휴식, 자기계발-자기관리"
53349080,202211,F,60대,부산광역시,무응답,"운동-스포츠 직접하기, 관광-여행, 오락-휴식, 자기계발-자기관리, 사회교류","운동-스포츠 직접하기, 관광-여행, 오락-휴식, 자기계발-자기관리, 사회교류"
53376037,202211,F,50대,부산광역시,무응답,"문화예술 관람하기, 스포츠 관람하기, 운동-스포츠 직접하기, 관광-여행, 오락-휴식, 자기계발-자기관리, 사회교류","문화예술 관람하기, 스포츠 관람하기, 운동-스포츠 직접하기, 관광-여행, 오락-휴식, 자기계발-자기관리, 사회교류"
53365377,202211,F,20대,부산광역시,무응답,"문화예술 관람하기, 오락-휴식, 자기계발-자기관리, 사회교류","문화예술 관람하기, 오락-휴식, 자기계발-자기관리, 사회교류"
53375403,202211,M,20대,부산광역시,무응답,"운동-스포츠 직접하기, 관광-여행, 오락-휴식, 자기계발-자기관리","운동-스포츠 직접하기, 관광-여행, 오락-휴식, 자기계발-자기관리"
53341681,202211,F,20대,부산광역시,무응답,"관광-여행, 오락-휴식, 자기계발-자기관리","관광-여행, 오락-휴식, 자기계발-자기관리"
53370986,202211,M,20대,부산광역시,무응답,"운동-스포츠 직접하기, 자기계발-자기관리","문화예술 관람하기, 운동-스포츠 직접하기, 자기계발-자기관리"
53371316,202211,M,20대,부산광역시,무응답,"오락-휴식, 자기계발-자기관리","오락-휴식, 자기계발-자기관리"
53345973,202211,M,20대,부산광역시,무응답,"문화예술 관람하기, 문화예술 직접하기, 스포츠 관람하기, 운동-스포츠 직접하기, 관광-여행, 오락-휴식, 자기계발-자기관리","문화예술 관람하기, 문화예술 직접하기, 스포츠 관람하기, 운동-스포츠 직접하기, 관광-여행, 오락-휴식, 자기계발-자기관리"
53333311,202211,M,20대,부산광역시,무응답,오락-휴식,오락-휴식
53343743,202211,M,20대,부산광역시,무응답,"스포츠 관람하기, 운동-스포츠 직접하기, 오락-휴식, 자기계발-자기관리, 사회교류","스포츠 관람하기, 운동-스포츠 직접하기, 오락-휴식, 자기계발-자기관리, 사회교류"
53334156,202211,M,20대,서울특별시,무응답,운동-스포츠 직접하기,"운동-스포츠 직접하기, 자기계발-자기관리"
53324111,202211,M,20대,서울특별시,무응답,"문화예술 관람하기, 관광-여행, 오락-휴식, 사회교류","문화예술 관람하기, 관광-여행, 오락-휴식, 사회교류"
53371716,202211,F,20대,서울특별시,무응답,"문화예술 관람하기, 문화예술 직접하기, 스포츠 관람하기, 운동-스포츠 직접하기, 관광-여행, 오락-휴식, 자기계발-자기관리, 사회교류","문화예술 관람하기, 문화예술 직접하기, 스포츠 관람하기, 운동-스포츠 직접하기, 관광-여행, 오락-휴식, 자기계발-자기관리, 사회교류"
53329777,202211,F,20대,서울특별시,무응답,"운동-스포츠 직접하기, 관광-여행, 오락-휴식","운동-스포츠 직접하기, 관광-여행, 오락-휴식"
53359190,202211,F,20대,서울특별시,무응답,"문화예술 관람하기, 오락-휴식, 자기계발-자기관리, 사회교류","문화예술 관람하기, 오락-휴식, 자기계발-자기관리, 사회교류"
53365371,202211,M,20대,서울특별시,무응답,"스포츠 관람하기, 관광-여행, 오락-휴식","스포츠 관람하기, 관광-여행, 오락-휴식"
53361337,202211,M,20대,서울특별시,무응답,"문화예술 관람하기, 스포츠 관람하기, 관광-여행, 오락-휴식, 자기계발-자기관리, 사회교류","문화예술 관람하기, 스포츠 관람하기, 관광-여행, 오락-휴식, 자기계발-자기관리, 사회교류"
53323185,202211,F,20대,서울특별시,무응답,"문화예술 관람하기, 문화예술 직접하기, 운동-스포츠 직접하기, 관광-여행, 오락-휴식, 자기계발-자기관리, 사회교류","문화예술 관람하기, 문화예술 직접하기, 운동-스포츠 직접하기, 관광-여행, 오락-휴식, 자기계발-자기관리, 사회교류"
53323525,202211,F,20대,서울특별시,무응답,"문화예술 관람하기, 문화예술 직접하기, 스포츠 관람하기, 오락-휴식, 자기계발-자기관리","문화예술 관람하기, 문화예술 직접하기, 스포츠 관람하기, 오락-휴식, 자기계발-자기관리"
53324371,202211,F,20대,서울특별시,무응답,"문화예술 관람하기, 스포츠 관람하기, 관광-여행, 자기계발-자기관리","문화예술 관람하기, 스포츠 관람하기, 관광-여행, 자기계발-자기관리"
53323573,202211,F,20대,서울특별시,무응답,"문화예술 관람하기, 문화예술 직접하기, 운동-스포츠 직접하기, 관광-여행, 오락-휴식, 자기계발-자기관리, 사회교류","문화예술 관람하기, 문화예술 직접하기, 운동-스포츠 직접하기, 관광-여행, 오락-휴식, 자기계발-자기관리, 사회교류"
53339170,202211,M,20대,서울특별시,무응답,"스포츠 관람하기, 운동-스포츠 직접하기, 관광-여행, 오락-휴식","문화예술 관람하기, 스포츠 관람하기, 운동-스포츠 직접하기, 관광-여행, 오락-휴식"
53348471,202211,M,20대,서울특별시,무응답,"문화예술 관람하기, 관광-여행, 오락-휴식, 자기계발-자기관리","문화예술 관람하기, 관광-여행, 오락-휴식, 자기계발-자기관리"
53361136,202211,F,20대,서울특별시,무응답,"운동-스포츠 직접하기, 오락-휴식, 자기계발-자기관리, 사회교류","문화예술 관람하기, 운동-스포츠 직접하기, 관광-여행, 오락-휴식, 자기계발-자기관리, 사회교류"
53341726,202211,F,20대,서울특별시,무응답,"문화예술 관람하기, 관광-여행, 오락-휴식, 자기계발-자기관리","문화예술 관람하기, 문화예술 직접하기, 스포츠 관람하기, 관광-여행, 오락-휴식, 자기계발-자기관리"
53322356,202211,F,20대,서울특별시,무응답,"운동-스포츠 직접하기, 오락-휴식","운동-스포츠 직접하기, 관광-여행, 오락-휴식, 자기계발-자기관리"
53332527,202211,F,20대,서울특별시,무응답,"문화예술 관람하기, 오락-휴식, 자기계발-자기관리, 사회교류","문화예술 관람하기, 관광-여행, 오락-휴식, 자기계발-자기관리, 사회교류"
53324541,202211,F,30대,서울특별시,무응답,"관광-여행, 오락-휴식","관광-여행, 오락-휴식"
53352899,202211,F,40대,서울특별시,무응답,"문화예술 관람하기, 운동-스포츠 직접하기, 관광-여행, 오락-휴식, 자기계발-자기관리, 사회교류","문화예술 관람하기, 문화예술 직접하기, 운동-스포츠 직접하기, 관광-여행, 오락-휴식, 자기계발-자기관리, 사회교류"
53355604,202211,F,40대,서울특별시,무응답,오락-휴식,오락-휴식
53364897,202211,M,50대,서울특별시,무응답,"문화예술 관람하기, 스포츠 관람하기, 운동-스포츠 직접하기, 관광-여행, 오락-휴식, 자기계발-자기관리","문화예술 관람하기, 스포츠 관람하기, 운동-스포츠 직접하기, 관광-여행, 오락-휴식, 자기계발-자기관리"
53323796,202211,F,50대,서울특별시,무응답,"운동-스포츠 직접하기, 오락-휴식, 자기계발-자기관리","운동-스포츠 직접하기, 오락-휴식, 자기계발-자기관리"
53364221,202211,M,60대,서울특별시,무응답,"스포츠 관람하기, 오락-휴식, 사회교류","스포츠 관람하기, 오락-휴식, 사회교류"
53332304,202211,F,60대,서울특별시,무응답,"문화예술 관람하기, 스포츠 관람하기, 운동-스포츠 직접하기, 관광-여행, 오락-휴식, 자기계발-자기관리, 사회교류","문화예술 관람하기, 스포츠 관람하기, 운동-스포츠 직접하기, 관광-여행, 오락-휴식, 자기계발-자기관리, 사회교류"
53322582,202211,F,60대,서울특별시,무응답,"문화예술 관람하기, 오락-휴식","문화예술 관람하기, 오락-휴식, 사회교류"
